Time, fixType, gnssFixOk, headVehValid, invalid_llh, Lat, Lon, SIV, groundSpeed, headingMotion, headingVehicle, distanceBetween, targetHeading, currentHeading, headingError, gpsError, averageGPSError
4/8/21438 0:0:15, 97, 0, 0, 0, 0, 0, 0, 0, 0, 0, 9269518.49, 303.75, 335.00, -0.17, 335.00, 0.00
3/29/2025 22:20:28, 0, 0, 0, 0, 673045762, -1007435092, 0, 0, 0, 0, 3951862.50, 152.55, 335.00, 0.99, 335.00, 0.00
3/29/2025 22:20:29, 0, 0, 0, 0, 670915009, -966008470, 0, 0, 0, 0, 3856074.84, 158.32, 334.94, -0.98, 334.94, 0.00
3/29/2025 22:20:30, 3, 1, 0, 0, 334925356, -820051251, 7, 200, 31925438, 0, 10.12, 232.10, 334.94, -0.57, 15.68, 0.00
3/29/2025 22:20:30, 3, 1, 0, 0, 334925356, -820051251, 7, 200, 31925438, 0, 10.12, 232.10, 235.50, -0.02, -83.75, 0.00
3/29/2025 22:20:38, 3, 1, 0, 0, 334925450, -820051532, 11, 331, 22768176, 0, 9.04, 216.53, 228.19, -0.06, 0.51, 0.00
3/29/2025 22:20:39, 3, 1, 0, 0, 334925425, -820051571, 13, 464, 21600348, 0, 8.60, 215.69, 220.00, -0.02, 4.00, 0.00
3/29/2025 22:20:40, 3, 1, 0, 0, 334925394, -820051585, 14, 426, 20302388, 0, 8.25, 216.36, 216.87, -0.00, 13.85, 0.00
3/29/2025 22:20:41, 3, 1, 0, 0, 334925357, -820051603, 14, 534, 20030102, 0, 7.82, 217.16, 223.74, -0.04, 23.44, -5.74
3/29/2025 22:20:42, 3, 1, 0, 0, 334925315, -820051622, 14, 536, 20193926, 0, 7.34, 218.27, 218.92, -0.00, 16.98, -5.74
3/29/2025 22:20:43, 3, 1, 0, 0, 334925274, -820051640, 14, 528, 19413878, 0, 6.88, 219.53, 219.24, 0.00, 25.10, -5.74
3/29/2025 22:20:44, 3, 1, 0, 0, 334925227, -820051655, 14, 570, 19404018, 0, 6.39, 221.55, 220.61, 0.01, 26.57, -5.74
3/29/2025 22:20:45, 3, 1, 0, 0, 334925176, -820051664, 15, 577, 19098534, 0, 5.92, 224.59, 222.30, 0.01, 31.31, -5.74
3/29/2025 22:20:46, 3, 1, 0, 0, 334925127, -820051679, 15, 590, 19571520, 0, 5.44, 227.58, 223.80, 0.02, 28.08, -5.74
3/29/2025 22:20:47, 3, 1, 0, 0, 334925077, -820051698, 15, 583, 19950672, 0, 4.94, 230.96, 227.05, 0.02, 27.54, -5.74
3/29/2025 22:20:48, 3, 1, 0, 0, 334925033, -820051717, 16, 516, 20211052, 0, 4.51, 234.38, 230.67, 0.02, 28.56, -5.74
3/29/2025 22:20:49, 3, 1, 0, 0, 334924988, -820051739, 16, 564, 20691074, 0, 4.06, 238.45, 232.99, 0.03, 26.08, -5.74
3/29/2025 22:20:50, 3, 1, 0, 0, 334924944, -820051765, 16, 560, 20916096, 0, 3.61, 243.07, 239.05, 0.02, 29.89, -5.74
3/29/2025 22:20:51, 3, 1, 0, 0, 334924905, -820051794, 16, 518, 21465758, 0, 3.18, 247.84, 216.88, 0.17, 2.22, 20.62
3/29/2025 22:20:52, 3, 1, 0, 0, 334924867, -820051828, 16, 550, 21938492, 0, 2.75, 253.53, 244.50, 0.05, 25.12, 20.62
3/29/2025 22:20:54, 3, 1, 0, 0, 334924825, -820051882, 16, 300, 24360432, 0, 2.16, 261.69, 257.31, 0.02, 13.71, 20.62
3/29/2025 22:20:55, 3, 1, 0, 0, 334924816, -820051920, 16, 419, 25576810, 0, 1.79, 263.23, 263.31, -0.00, 7.55, 20.62
3/29/2025 22:20:56, 3, 1, 0, 0, 334924811, -820051969, 16, 486, 26535976, 0, 14.78, 304.42, 252.43, 0.29, -12.93, 32.76
3/29/2025 22:20:56, 3, 1, 0, 0, 334924811, -820051969, 16, 486, 26535976, 0, 14.78, 304.42, 301.24, 0.02, 35.88, 32.76
3/29/2025 22:21:0, 3, 1, 0, 0, 334924817, -820052083, 16, 161, 29562688, 0, 13.88, 306.67, 312.06, -0.03, 16.43, 32.76
3/29/2025 22:21:1, 3, 1, 0, 0, 334924839, -820052106, 16, 384, 32169730, 0, 13.56, 306.37, 308.81, -0.01, -12.89, 32.76
3/29/2025 22:21:2, 3, 1, 0, 0, 334924867, -820052131, 16, 367, 32197656, 0, 13.19, 305.88, 308.12, -0.01, -13.86, 32.76
3/29/2025 22:21:3, 3, 1, 0, 0, 334924901, -820052165, 16, 512, 31850562, 0, 12.71, 305.33, 308.18, -0.02, -10.33, 32.76
3/29/2025 22:21:4, 3, 1, 0, 0, 334924940, -820052203, 16, 551, 32178268, 0, 12.17, 304.63, 308.24, -0.02, -13.54, 32.76
3/29/2025 22:21:5, 3, 1, 0, 0, 334924981, -820052242, 16, 563, 32084926, 0, 11.62, 303.79, 306.99, -0.02, -13.86, 32.76
3/29/2025 22:21:6, 3, 1, 0, 0, 334925021, -820052285, 18, 558, 31664306, 0, 11.04, 303.02, 310.53, -0.04, -6.12, 29.22
3/29/2025 22:21:7, 3, 1, 0, 0, 334925060, -820052331, 18, 572, 31611460, 0, 10.45, 302.31, 304.15, -0.01, -11.96, 29.22
3/29/2025 22:21:8, 3, 1, 0, 0, 334925095, -820052372, 18, 476, 31510196, 0, 9.92, 301.58, 303.15, -0.01, -11.95, 29.22
3/29/2025 22:21:9, 3, 1, 0, 0, 334925127, -820052419, 20, 541, 31097846, 0, 9.36, 301.12, 303.15, -0.01, -7.83, 29.22
3/29/2025 22:21:10, 3, 1, 0, 0, 334925163, -820052473, 23, 567, 30929652, 0, 8.73, 300.57, 303.34, -0.02, -5.96, 29.22
3/29/2025 22:21:11, 3, 1, 0, 0, 334925201, -820052527, 23, 574, 31028134, 0, 8.08, 299.79, 303.84, -0.02, -6.44, 29.22
3/29/2025 22:21:12, 3, 1, 0, 0, 334925242, -820052583, 23, 580, 31078102, 0, 7.40, 298.73, 301.71, -0.02, -9.07, 29.22
3/29/2025 22:21:13, 3, 1, 0, 0, 334925279, -820052637, 23, 545, 30907866, 0, 6.77, 297.71, 301.65, -0.02, -7.43, 29.22
3/29/2025 22:21:14, 3, 1, 0, 0, 334925314, -820052689, 23, 573, 30796648, 0, 6.16, 296.59, 299.59, -0.02, -8.38, 29.22
3/29/2025 22:21:15, 3, 1, 0, 0, 334925347, -820052741, 23, 554, 30681120, 0, 5.57, 295.44, 299.59, -0.02, -7.22, 29.22
3/29/2025 22:21:16, 3, 1, 0, 0, 334925379, -820052794, 23, 571, 30520556, 0, 4.97, 294.17, 305.39, -0.06, 0.18, 20.99
3/29/2025 22:21:17, 3, 1, 0, 0, 334925410, -820052847, 23, 547, 30343364, 0, 4.38, 292.69, 297.57, -0.03, -5.86, 20.99
3/29/2025 22:21:19, 3, 1, 0, 0, 334925452, -820052941, 26, 532, 29024870, 0, 3.40, 291.09, 293.57, -0.01, 3.32, 20.99
3/29/2025 22:21:20, 3, 1, 0, 0, 334925471, -820052998, 26, 568, 28992718, 0, 2.83, 290.95, 293.57, -0.01, 3.65, 20.99
3/29/2025 22:21:21, 3, 1, 0, 0, 334925491, -820053056, 26, 575, 29094338, 0, 2.25, 290.56, 293.82, -0.02, 2.88, 20.99
3/29/2025 22:21:22, 3, 1, 0, 0, 334925512, -820053116, 26, 585, 29127284, 0, 1.65, 289.75, 294.51, -0.03, 3.24, 20.99
3/29/2025 22:21:23, 3, 1, 0, 0, 334925530, -820053168, 26, 461, 29086104, 0, 6.70, 342.02, 289.65, 0.29, -1.21, 22.23
3/29/2025 22:21:23, 3, 1, 0, 0, 334925530, -820053168, 26, 461, 29086104, 0, 6.70, 342.02, 338.71, 0.02, 47.85, 22.23
3/29/2025 22:21:27, 3, 1, 0, 0, 334925579, -820053265, 27, 265, 34000356, 0, 5.94, 348.66, 349.52, -0.00, 9.52, 22.23
3/29/2025 22:21:28, 3, 1, 0, 0, 334925613, -820053275, 27, 429, 34749164, 0, 5.56, 348.83, 353.52, -0.03, 6.03, 22.23
3/29/2025 22:21:29, 3, 1, 0, 0, 334925651, -820053282, 27, 413, 35350700, 0, 5.13, 348.63, 350.46, -0.01, -3.05, 22.23
3/29/2025 22:21:30, 3, 1, 0, 0, 334925694, -820053292, 27, 513, 34701488, 0, 4.64, 348.59, 350.34, -0.01, 3.32, 22.23
3/29/2025 22:21:31, 3, 1, 0, 0, 334925743, -820053305, 29, 545, 34910816, 0, 4.08, 348.73, 350.27, -0.01, 1.17, 22.23
3/29/2025 22:21:32, 3, 1, 0, 0, 334925793, -820053317, 29, 554, 34875792, 0, 3.52, 348.74, 350.34, -0.01, 1.58, 22.23
3/29/2025 22:21:33, 3, 1, 0, 0, 334925843, -820053331, 29, 565, 34830700, 0, 2.94, 349.11, 350.34, -0.01, 2.03, 22.23
3/29/2025 22:21:34, 3, 1, 0, 0, 334925894, -820053344, 29, 569, 34814000, 0, 2.37, 349.38, 343.22, 0.03, -4.92, 29.34
3/29/2025 22:21:35, 3, 1, 0, 0, 334925940, -820053357, 29, 491, 34512504, 0, 1.84, 350.13, 348.97, 0.01, 3.85, 29.34
3/29/2025 22:21:36, 3, 1, 0, 0, 334925981, -820053364, 29, 440, 35480108, 0, 9.41, 324.78, 350.51, -0.14, -4.29, 28.80
3/29/2025 22:21:36, 3, 1, 0, 0, 334925981, -820053364, 29, 440, 35480108, 0, 9.41, 324.78, 328.07, -0.02, -26.73, 28.80
3/29/2025 22:21:39, 3, 1, 0, 0, 334926071, -820053384, 30, 340, 33168688, 0, 8.49, 321.90, 321.38, 0.00, -10.30, 28.80
3/29/2025 22:21:40, 3, 1, 0, 0, 334926106, -820053409, 31, 491, 32722642, 0, 8.04, 321.49, 320.76, 0.00, -6.47, 28.80
3/29/2025 22:21:41, 3, 1, 0, 0, 334926146, -820053439, 31, 541, 32684534, 0, 7.52, 321.04, 320.76, 0.00, -6.09, 28.80
3/29/2025 22:21:42, 3, 1, 0, 0, 334926190, -820053472, 31, 569, 32732360, 0, 6.95, 320.47, 320.76, -0.00, -6.57, 28.80
3/29/2025 22:21:43, 3, 1, 0, 0, 334926234, -820053504, 31, 569, 32882728, 0, 6.39, 319.73, 320.76, -0.01, -8.07, 28.80
3/29/2025 22:21:44, 3, 1, 0, 0, 334926280, -820053535, 31, 577, 33019306, 0, 5.81, 318.63, 320.76, -0.01, -9.44, 28.80
3/29/2025 22:21:45, 3, 1, 0, 0, 334926326, -820053566, 31, 580, 33026106, 0, 5.24, 317.29, 320.76, -0.02, -9.50, 28.80
3/29/2025 22:21:46, 3, 1, 0, 0, 334926372, -820053597, 31, 582, 33084060, 0, 4.67, 315.62, 330.45, -0.08, -0.39, 19.11
3/29/2025 22:21:47, 3, 1, 0, 0, 334926418, -820053625, 31, 563, 33297572, 0, 4.12, 313.23, 319.20, -0.03, -13.78, 19.11
3/29/2025 22:21:48, 3, 1, 0, 0, 334926454, -820053651, 31, 425, 32668912, 0, 3.68, 311.26, 311.89, -0.00, -14.80, 19.11
3/29/2025 22:21:49, 3, 1, 0, 0, 334926485, -820053686, 31, 496, 31247186, 0, 3.21, 310.45, 310.57, -0.00, -1.90, 19.11
3/29/2025 22:21:50, 3, 1, 0, 0, 334926519, -820053728, 31, 553, 31295214, 0, 2.66, 309.70, 310.14, -0.00, -2.82, 19.11
3/29/2025 22:21:51, 3, 1, 0, 0, 334926554, -820053774, 31, 570, 31240144, 0, 2.09, 308.96, 310.14, -0.01, -2.26, 19.11
3/29/2025 22:21:52, 3, 1, 0, 0, 334926591, -820053821, 31, 573, 31329140, 0, 1.49, 307.19, 310.14, -0.02, -3.15, 19.11
3/29/2025 22:21:53, 3, 1, 0, 0, 334926629, -820053867, 31, 590, 31442378, 0, 11.16, 272.97, 315.72, -0.24, 1.29, 13.53
3/29/2025 22:21:53, 3, 1, 0, 0, 334926629, -820053867, 31, 590, 31442378, 0, 11.16, 272.97, 276.28, -0.02, -38.15, 13.53
3/29/2025 22:21:58, 3, 1, 0, 0, 334926719, -820054036, 31, 430, 27307490, 0, 9.58, 267.47, 269.72, -0.01, -3.36, 13.53
3/29/2025 22:21:59, 3, 1, 0, 0, 334926718, -820054091, 31, 541, 26767884, 0, 9.07, 267.40, 269.47, -0.01, 1.79, 13.53
3/29/2025 22:22:0, 3, 1, 0, 0, 334926717, -820054152, 31, 575, 26881526, 0, 8.51, 267.30, 270.40, -0.02, 1.59, 13.53
3/29/2025 22:22:1, 3, 1, 0, 0, 334926717, -820054215, 31, 590, 26991392, 0, 7.92, 267.10, 271.53, -0.02, 1.61, 13.53
3/29/2025 22:22:2, 3, 1, 0, 0, 334926719, -820054272, 31, 514, 27288806, 0, 7.40, 266.72, 268.53, -0.01, -4.36, 13.53
3/29/2025 22:22:3, 3, 1, 0, 0, 334926720, -820054332, 31, 574, 26906404, 0, 6.84, 266.36, 268.53, -0.01, -0.54, 13.53
3/29/2025 22:22:4, 3, 1, 0, 0, 334926720, -820054395, 31, 583, 26963778, 0, 6.26, 266.03, 273.51, -0.04, 3.87, 8.74
3/29/2025 22:22:5, 3, 1, 0, 0, 334926721, -820054452, 31, 507, 27302482, 0, 5.73, 265.55, 267.13, -0.01, -5.89, 8.74
3/29/2025 22:22:6, 3, 1, 0, 0, 334926718, -820054510, 31, 553, 26273254, 0, 5.19, 265.45, 266.19, -0.00, 3.46, 8.74
3/29/2025 22:22:7, 3, 1, 0, 0, 334926712, -820054570, 31, 568, 26336892, 0, 4.63, 265.73, 266.38, -0.00, 3.01, 8.74
3/29/2025 22:22:8, 3, 1, 0, 0, 334926707, -820054632, 31, 585, 26476338, 0, 4.05, 265.91, 266.82, -0.01, 2.06, 8.74
3/29/2025 22:22:9, 3, 1, 0, 0, 334926752, -820054725, 31, 591, 26524680, 0, 3.28, 256.06, 267.19, -0.06, 1.95, 8.74
3/29/2025 22:22:10, 3, 1, 0, 0, 334926768, -820054810, 31, 530, 26908310, 0, 2.58, 247.98, 259.38, -0.06, -9.70, 8.74
3/29/2025 22:22:11, 3, 1, 0, 0, 334926771, -820054879, 31, 482, 26021336, 0, 2.02, 240.27, 248.94, -0.05, -11.27, 8.74
3/29/2025 22:22:12, 3, 1, 0, 0, 334926749, -820054925, 31, 451, 25116608, 0, 1.53, 240.31, 240.38, -0.00, -10.78, 8.74
3/29/2025 22:22:13, 3, 1, 0, 0, 334926730, -820054980, 31, 439, 24032710, 0, 9.81, 238.78, 241.03, -0.01, 0.70, 6.16
3/29/2025 22:22:14, 3, 1, 0, 0, 334926706, -820055014, 31, 368, 23964886, 0, 9.40, 239.17, 240.47, -0.01, 0.82, 6.16
3/29/2025 22:22:15, 3, 1, 0, 0, 334926679, -820055057, 31, 505, 24110308, 0, 8.90, 239.52, 240.53, -0.01, -0.57, 6.16
3/29/2025 22:22:16, 3, 1, 0, 0, 334926651, -820055106, 31, 554, 24200204, 0, 8.35, 239.78, 240.53, -0.00, -1.47, 6.16
3/29/2025 22:22:17, 3, 1, 0, 0, 334926623, -820055158, 31, 594, 24470412, 0, 7.78, 239.97, 240.53, -0.00, -4.18, 6.16
3/29/2025 22:22:18, 3, 1, 0, 0, 334926599, -820055211, 30, 593, 24605418, 0, 7.22, 239.85, 240.53, -0.00, -5.53, 6.16
3/29/2025 22:22:19, 3, 1, 0, 0, 334926576, -820055266, 30, 607, 24719902, 0, 6.65, 239.55, 240.53, -0.01, -6.67, 6.16
3/29/2025 22:22:20, 3, 1, 0, 0, 334926554, -820055322, 30, 609, 24900024, 0, 6.08, 239.06, 240.53, -0.01, -8.47, 6.16
3/29/2025 22:22:21, 3, 1, 0, 0, 334926533, -820055379, 30, 609, 25013070, 0, 5.51, 238.31, 240.53, -0.01, -9.60, 6.16
3/29/2025 22:22:22, 3, 1, 0, 0, 334926512, -820055436, 30, 611, 25144192, 0, 4.93, 237.39, 240.53, -0.02, -10.91, 6.16
3/29/2025 22:22:23, 3, 1, 0, 0, 334926493, -820055490, 30, 618, 25267522, 0, 4.40, 236.20, 245.12, -0.05, -7.56, 1.57
3/29/2025 22:22:24, 3, 1, 0, 0, 334926477, -820055545, 30, 563, 25613328, 0, 3.88, 234.19, 237.43, -0.02, -18.70, 1.57
3/29/2025 22:22:25, 3, 1, 0, 0, 334926457, -820055594, 30, 537, 24599714, 0, 3.38, 232.74, 234.93, -0.01, -11.07, 1.57
3/29/2025 22:22:26, 3, 1, 0, 0, 334926434, -820055646, 30, 576, 24504030, 0, 2.84, 230.95, 234.55, -0.02, -10.49, 1.57
3/29/2025 22:22:27, 3, 1, 0, 0, 334926411, -820055699, 30, 556, 24708912, 0, 2.30, 228.19, 232.49, -0.02, -14.60, 1.57
3/29/2025 22:22:28, 3, 1, 0, 0, 334926390, -820055751, 30, 551, 24656186, 0, 1.79, 223.47, 229.18, -0.03, -17.38, 1.57
3/29/2025 22:22:29, 3, 1, 0, 0, 334926367, -820055803, 30, 546, 24421154, 0, 9.76, 194.14, 237.04, -0.24, -7.17, -11.73
3/29/2025 22:22:29, 3, 1, 0, 0, 334926367, -820055803, 30, 546, 24421154, 0, 9.76, 194.14, 197.60, -0.02, -46.61, -11.73
3/29/2025 22:22:33, 3, 1, 0, 0, 334926283, -820055921, 30, 342, 21277272, 0, 8.63, 188.59, 189.98, -0.01, -22.79, -11.73
3/29/2025 22:22:34, 3, 1, 0, 0, 334926246, -820055936, 30, 492, 19964726, 0, 8.20, 188.06, 188.79, -0.00, -10.86, -11.73
3/29/2025 22:22:35, 3, 1, 0, 0, 334926199, -820055951, 30, 554, 19850528, 0, 7.66, 187.58, 188.79, -0.01, -9.71, -11.73
3/29/2025 22:22:36, 3, 1, 0, 0, 334926149, -820055968, 30, 581, 19893146, 0, 7.09, 186.91, 188.79, -0.01, -10.14, -11.73
3/29/2025 22:22:37, 3, 1, 0, 0, 334926098, -820055988, 30, 585, 20114838, 0, 6.51, 185.89, 188.79, -0.02, -12.36, -11.73
3/29/2025 22:22:38, 3, 1, 0, 0, 334926048, -820056010, 30, 588, 20186546, 0, 5.94, 184.48, 188.79, -0.02, -13.07, -11.73
3/29/2025 22:22:39, 3, 1, 0, 0, 334925998, -820056034, 30, 593, 20310498, 0, 5.37, 182.58, 202.15, -0.11, -0.95, -28.15
3/29/2025 22:22:40, 3, 1, 0, 0, 334925948, -820056056, 30, 573, 20181408, 0, 4.81, 180.44, 185.97, -0.03, -15.85, -28.15
3/29/2025 22:22:42, 3, 1, 0, 0, 334925866, -820056081, 30, 453, 18663310, 0, 3.90, 177.14, 178.65, -0.01, -7.98, -28.15
3/29/2025 22:22:43, 3, 1, 0, 0, 334925821, -820056075, 30, 525, 17895420, 0, 3.40, 177.65, 177.22, 0.00, -1.74, -28.15
3/29/2025 22:22:44, 3, 1, 0, 0, 334925771, -820056073, 30, 554, 18038966, 0, 2.84, 177.57, 176.90, 0.00, -3.49, -28.15
3/29/2025 22:22:45, 3, 1, 0, 0, 334925719, -820056071, 30, 570, 18028536, 0, 2.26, 177.41, 176.90, 0.00, -3.38, -28.15
3/29/2025 22:22:46, 3, 1, 0, 0, 334925666, -820056066, 30, 581, 18190842, 0, 1.67, 178.09, 176.90, 0.01, -5.00, -28.15
3/29/2025 22:22:47, 3, 1, 0, 0, 334925617, -820056062, 30, 506, 18303086, 0, 9.00, 159.44, 182.44, -0.13, -0.59, -33.63
3/29/2025 22:22:47, 3, 1, 0, 0, 334925617, -820056062, 30, 506, 18303086, 0, 9.00, 159.44, 162.94, -0.02, -20.09, -33.63
3/29/2025 22:22:50, 3, 1, 0, 0, 334925516, -820056055, 30, 362, 16359570, 0, 7.94, 157.02, 155.88, 0.01, -7.71, -33.63
3/29/2025 22:22:51, 3, 1, 0, 0, 334925477, -820056039, 30, 496, 15812174, 0, 7.48, 156.77, 155.32, 0.01, -2.80, -33.63
3/29/2025 22:22:52, 3, 1, 0, 0, 334925432, -820056018, 30, 546, 15670248, 0, 6.94, 156.62, 155.32, 0.01, -1.38, -33.63
3/29/2025 22:22:53, 3, 1, 0, 0, 334925385, -820055997, 30, 557, 15778360, 0, 6.39, 156.37, 155.32, 0.01, -2.47, -33.63
3/29/2025 22:22:54, 3, 1, 0, 0, 334925337, -820055975, 30, 562, 16009006, 0, 5.82, 156.10, 155.32, 0.00, -4.77, -33.63
3/29/2025 22:22:55, 3, 1, 0, 0, 334925289, -820055954, 30, 565, 16071778, 0, 5.25, 155.68, 155.32, 0.00, -5.40, -33.63
3/29/2025 22:22:56, 3, 1, 0, 0, 334925240, -820055934, 30, 570, 16175604, 0, 4.68, 155.00, 155.32, -0.00, -6.44, -33.63
3/29/2025 22:22:57, 3, 1, 0, 0, 334925190, -820055914, 30, 579, 16248758, 0, 4.09, 154.07, 161.04, -0.04, -1.45, -39.35
3/29/2025 22:22:58, 3, 1, 0, 0, 334925141, -820055898, 30, 558, 16641256, 0, 3.54, 152.37, 154.92, -0.01, -11.50, -39.35
3/29/2025 22:22:59, 3, 1, 0, 0, 334925096, -820055877, 31, 532, 15656586, 0, 3.01, 151.24, 153.54, -0.01, -3.02, -39.35
3/29/2025 22:23:0, 3, 1, 0, 0, 334925049, -820055856, 31, 557, 15716320, 0, 2.46, 149.35, 153.04, -0.02, -4.12, -39.35
3/29/2025 22:23:1, 3, 1, 0, 0, 334925002, -820055835, 31, 550, 15810934, 0, 1.91, 146.38, 151.10, -0.03, -7.00, -39.35
3/29/2025 22:23:2, 3, 1, 0, 0, 334924954, -820055814, 31, 541, 15743320, 0, 9.41, 116.38, 152.02, -0.20, -5.41, -44.77
3/29/2025 22:23:2, 3, 1, 0, 0, 334924954, -820055814, 31, 541, 15743320, 0, 9.41, 116.38, 119.77, -0.02, -37.66, -44.77
3/29/2025 22:23:6, 3, 1, 0, 0, 334924845, -820055730, 31, 389, 12094698, 0, 8.21, 111.21, 112.33, -0.01, -8.61, -44.77
3/29/2025 22:23:7, 3, 1, 0, 0, 334924826, -820055684, 31, 497, 11463130, 0, 7.73, 110.89, 111.52, -0.00, -3.11, -44.77
3/29/2025 22:23:8, 3, 1, 0, 0, 334924807, -820055632, 31, 535, 11519758, 0, 7.21, 110.69, 111.46, -0.00, -3.74, -44.77
3/29/2025 22:23:9, 3, 1, 0, 0, 334924787, -820055579, 31, 552, 11572314, 0, 6.67, 110.40, 111.46, -0.01, -4.26, -44.77
3/29/2025 22:23:10, 3, 1, 0, 0, 334924765, -820055525, 31, 557, 11716756, 0, 6.12, 109.88, 111.46, -0.01, -5.71, -44.77
3/29/2025 22:23:11, 3, 1, 0, 0, 334924742, -820055471, 31, 568, 11806956, 0, 5.56, 109.16, 111.46, -0.01, -6.61, -44.77
3/29/2025 22:23:12, 3, 1, 0, 0, 334924717, -820055418, 31, 569, 11867768, 0, 5.00, 108.00, 111.46, -0.02, -7.22, -44.77
3/29/2025 22:23:13, 3, 1, 0, 0, 334924692, -820055366, 31, 573, 11929906, 0, 4.46, 106.52, 120.48, -0.08, 1.18, -53.79
3/29/2025 22:23:14, 3, 1, 0, 0, 334924666, -820055320, 31, 499, 12332502, 0, 3.97, 104.27, 110.10, -0.03, -13.22, -53.79
3/29/2025 22:23:15, 3, 1, 0, 0, 334924646, -820055282, 28, 442, 11233842, 0, 3.58, 102.20, 102.42, -0.00, -9.92, -53.79
3/29/2025 22:23:16, 3, 1, 0, 0, 334924632, -820055243, 31, 492, 10143648, 0, 3.19, 100.84, 100.85, -0.00, -0.58, -53.79
3/29/2025 22:23:17, 3, 1, 0, 0, 334924620, -820055204, 31, 530, 10177384, 0, 2.81, 99.56, 99.98, -0.00, -1.79, -53.79
3/29/2025 22:23:18, 3, 1, 0, 0, 334924605, -820055165, 30, 548, 10281654, 0, 2.43, 97.10, 99.85, -0.02, -2.96, -53.79
3/29/2025 22:23:19, 3, 1, 0, 0, 334924589, -820055129, 31, 543, 10310292, 0, 2.08, 93.37, 99.85, -0.04, -3.25, -53.79
3/29/2025 22:23:20, 3, 1, 0, 0, 334924572, -820055098, 31, 536, 10508086, 0, 1.79, 87.87, 93.98, -0.03, -11.10, -53.79
3/29/2025 22:23:21, 3, 1, 0, 0, 334924560, -820055069, 30, 482, 10001690, 0, 9.26, 75.18, 92.93, -0.10, -7.08, -59.00
3/29/2025 22:23:22, 3, 1, 0, 0, 334924554, -820055051, 31, 343, 9247078, 0, 9.12, 74.50, 78.56, -0.02, -13.91, -59.00
3/29/2025 22:23:24, 3, 1, 0, 0, 334924548, -820055042, 31, 427, 7278039, 0, 9.05, 73.95, 72.81, 0.01, 0.03, -59.00
3/29/2025 22:23:25, 3, 1, 0, 0, 334924554, -820055029, 31, 498, 7079713, 0, 8.92, 74.15, 72.18, 0.01, 1.39, -59.00
3/29/2025 22:23:26, 3, 1, 0, 0, 334924563, -820055008, 31, 529, 7225811, 0, 8.70, 74.43, 72.18, 0.01, -0.07, -59.00
3/29/2025 22:23:27, 3, 1, 0, 0, 334924574, -820055013, 31, 537, 7269107, 0, 8.72, 75.29, 72.18, 0.02, -0.51, -59.00
3/29/2025 22:23:28, 3, 1, 0, 0, 334924585, -820055002, 31, 542, 7414519, 0, 8.59, 75.91, 72.18, 0.02, -1.96, -59.00
3/29/2025 22:23:29, 3, 1, 0, 0, 334924596, -820054983, 31, 513, 7563821, 0, 8.39, 76.43, 74.12, 0.01, -1.52, -59.00
3/29/2025 22:23:30, 3, 1, 0, 0, 334924606, -820054957, 31, 527, 7695990, 0, 8.13, 76.79, 74.43, 0.01, -2.53, -59.00
3/29/2025 22:23:31, 3, 1, 0, 0, 334924617, -820054925, 31, 537, 7815783, 0, 7.81, 77.16, 74.56, 0.01, -3.60, -59.00
3/29/2025 22:23:32, 3, 1, 0, 0, 334924629, -820054890, 31, 549, 7924866, 0, 7.46, 77.61, 77.53, 0.00, -1.72, -61.97
3/29/2025 22:23:33, 3, 1, 0, 0, 334924640, -820054851, 31, 551, 8000129, 0, 7.09, 77.95, 77.53, 0.00, -2.47, -61.97
3/29/2025 22:23:34, 3, 1, 0, 0, 334924651, -820054809, 31, 555, 8006157, 0, 6.68, 78.28, 77.53, 0.00, -2.53, -61.97
3/29/2025 22:23:35, 3, 1, 0, 0, 334924663, -820054761, 31, 563, 8066693, 0, 6.22, 78.65, 77.53, 0.01, -3.14, -61.97
3/29/2025 22:23:36, 3, 1, 0, 0, 334924672, -820054712, 31, 564, 8088560, 0, 5.75, 78.73, 77.53, 0.01, -3.36, -61.97
3/29/2025 22:23:37, 3, 1, 0, 0, 334924686, -820054642, 31, 577, 8100900, 0, 5.08, 79.03, 77.53, 0.01, -3.48, -61.97
3/29/2025 22:23:38, 3, 1, 0, 0, 334924699, -820054573, 31, 577, 8169568, 0, 4.43, 79.29, 77.53, 0.01, -4.17, -61.97
3/29/2025 22:23:39, 3, 1, 0, 0, 334924710, -820054502, 31, 581, 8254592, 0, 3.76, 79.25, 77.53, 0.01, -5.02, -61.97
3/29/2025 22:23:40, 3, 1, 0, 0, 334924720, -820054430, 31, 571, 8202668, 0, 3.08, 78.97, 77.53, 0.01, -4.50, -61.97
3/29/2025 22:23:41, 3, 1, 0, 0, 334924729, -820054358, 30, 578, 8300573, 0, 2.41, 78.27, 77.53, 0.00, -5.48, -61.97
3/29/2025 22:23:42, 3, 1, 0, 0, 334924737, -820054283, 31, 569, 8493660, 0, 1.71, 76.44, 81.11, -0.03, -3.82, -65.55
3/29/2025 22:23:43, 3, 1, 0, 0, 334924743, -820054213, 31, 483, 8594970, 0, 7.63, 64.36, 80.81, -0.09, -5.14, -69.37
3/29/2025 22:23:44, 3, 1, 0, 0, 334924748, -820054155, 31, 350, 8485988, 0, 7.13, 62.89, 67.81, -0.03, -17.05, -69.37
3/29/2025 22:23:45, 3, 1, 0, 0, 334924756, -820054101, 31, 336, 7338916, 0, 6.64, 61.61, 61.62, -0.00, -11.77, -69.37
3/29/2025 22:23:46, 3, 1, 0, 0, 334924773, -820054038, 31, 482, 6209605, 0, 6.04, 60.55, 60.56, -0.00, -1.53, -69.37
3/29/2025 22:23:47, 3, 1, 0, 0, 334924794, -820053970, 31, 530, 6264464, 0, 5.38, 59.41, 60.56, -0.01, -2.08, -69.37
3/29/2025 22:23:48, 3, 1, 0, 0, 334924817, -820053900, 31, 554, 6186898, 0, 4.69, 58.06, 60.56, -0.01, -1.31, -69.37
3/29/2025 22:23:49, 3, 1, 0, 0, 334924839, -820053831, 31, 562, 6354864, 0, 4.02, 56.20, 60.56, -0.02, -2.99, -69.37
3/29/2025 22:23:50, 3, 1, 0, 0, 334924860, -820053762, 31, 568, 6365972, 0, 3.36, 53.44, 57.37, -0.02, -6.29, -69.37
3/29/2025 22:23:51, 3, 1, 0, 0, 334924881, -820053696, 31, 538, 6073406, 0, 2.74, 49.72, 55.00, -0.03, -5.73, -69.37
3/29/2025 22:23:52, 3, 1, 0, 0, 334924903, -820053633, 31, 546, 5842940, 0, 2.14, 44.60, 50.56, -0.03, -7.87, -69.37
3/29/2025 22:23:53, 3, 1, 0, 0, 334924928, -820053576, 31, 519, 5300619, 0, 1.58, 38.02, 51.54, -0.08, -1.46, -75.54
3/29/2025 22:23:54, 3, 1, 0, 0, 334924956, -820053522, 31, 503, 4818813, 0, 13.20, 97.70, 42.88, 0.30, -5.31, -77.01
3/29/2025 22:23:54, 3, 1, 0, 0, 334924956, -820053522, 31, 503, 4818813, 0, 13.20, 97.70, 94.32, 0.02, 46.13, -77.01
3/29/2025 22:23:59, 3, 1, 0, 0, 334925021, -820053373, 31, 204, 9657738, 0, 11.96, 102.02, 104.88, -0.02, 8.30, -77.01
3/29/2025 22:24:0, 3, 1, 0, 0, 334925012, -820053329, 31, 393, 10348216, 0, 11.54, 101.96, 108.63, -0.04, 5.15, -77.01
3/29/2025 22:24:1, 3, 1, 0, 0, 334924999, -820053278, 31, 437, 10979112, 0, 11.05, 101.74, 103.19, -0.01, -6.60, -77.01
3/29/2025 22:24:2, 3, 1, 0, 0, 334924986, -820053223, 31, 471, 10208028, 0, 10.52, 101.53, 101.32, 0.00, -0.76, -77.01
3/29/2025 22:24:3, 3, 1, 0, 0, 334924974, -820053163, 31, 528, 10262580, 0, 9.95, 101.42, 101.01, 0.00, -1.62, -77.01
3/29/2025 22:24:4, 3, 1, 0, 0, 334924962, -820053100, 31, 542, 10147570, 0, 9.35, 101.32, 101.07, 0.00, -0.41, -77.01
3/29/2025 22:24:5, 3, 1, 0, 0, 334924950, -820053036, 31, 559, 10198554, 0, 8.74, 101.23, 101.01, 0.00, -0.98, -77.01
3/29/2025 22:24:6, 3, 1, 0, 0, 334924938, -820052971, 31, 549, 10291388, 0, 8.12, 101.13, 96.51, 0.03, -6.41, -72.51
3/29/2025 22:24:7, 3, 1, 0, 0, 334924927, -820052909, 31, 513, 10075834, 0, 7.53, 101.07, 100.32, 0.00, -0.44, -72.51
3/29/2025 22:24:8, 3, 1, 0, 0, 334924912, -820052849, 31, 523, 10893092, 0, 6.95, 100.60, 100.94, -0.00, -7.99, -72.51
3/29/2025 22:24:9, 3, 1, 0, 0, 334924896, -820052788, 31, 550, 10901340, 0, 6.37, 99.96, 101.01, -0.01, -8.01, -72.51
3/29/2025 22:24:10, 3, 1, 0, 0, 334924877, -820052727, 31, 552, 11077668, 0, 5.77, 98.87, 101.01, -0.01, -9.77, -72.51
3/29/2025 22:24:11, 3, 1, 0, 0, 334924859, -820052666, 31, 556, 11089068, 0, 5.18, 97.64, 101.01, -0.02, -9.88, -72.51
3/29/2025 22:24:12, 3, 1, 0, 0, 334924839, -820052606, 31, 556, 11088268, 0, 4.61, 95.82, 101.01, -0.03, -9.88, -72.51
3/29/2025 22:24:13, 3, 1, 0, 0, 334924819, -820052547, 31, 545, 11330042, 0, 4.04, 93.47, 96.44, -0.02, -16.86, -72.51
3/29/2025 22:24:14, 3, 1, 0, 0, 334924802, -820052488, 31, 531, 10521054, 0, 3.49, 90.91, 95.94, -0.03, -9.27, -72.51
Time, fixType, gnssFixOk, headVehValid, invalid_llh, Lat, Lon, SIV, groundSpeed, headingMotion, headingVehicle, distanceBetween, targetHeading, currentHeading, headingError, gpsError, averageGPSError
4/8/4560 0:0:15, 97, 0, 0, 0, 0, 0, 0, 0, 0, 0, 9269518.49, 303.75, 357.75, -0.30, 357.75, 0.00
4/8/21438 0:0:15, 97, 0, 0, 0, 1090021888, 0, 0, 1202590843, 1064598241, 1610612752, 6790774.57, 250.69, 343.00, -0.51, -10302.98, 0.00
3/29/2025 22:25:50, 3, 1, 0, 0, 334925259, -820051138, 12, 341, 31893438, 0, 10.39, 240.37, 343.00, -0.57, 24.07, 0.00
3/29/2025 22:25:50, 3, 1, 0, 0, 334925259, -820051138, 12, 341, 31893438, 0, 10.39, 240.37, 243.69, -0.02, -75.25, 0.00
3/29/2025 22:25:58, 3, 1, 0, 0, 334925226, -820051410, 13, 349, 22515404, 0, 8.07, 233.77, 235.62, -0.01, 10.47, 0.00
3/29/2025 22:25:59, 3, 1, 0, 0, 334925188, -820051438, 13, 505, 21812130, 0, 7.62, 235.18, 234.81, 0.00, 16.69, 0.00
3/29/2025 22:26:0, 3, 1, 0, 0, 334925144, -820051467, 13, 526, 21416734, 0, 7.12, 237.17, 235.25, 0.01, 21.08, 0.00
3/29/2025 22:26:1, 3, 1, 0, 0, 334925097, -820051498, 14, 559, 21499770, 0, 6.60, 239.63, 231.87, 0.04, 16.88, 3.81
3/29/2025 22:26:2, 3, 1, 0, 0, 334925055, -820051524, 14, 475, 21344024, 0, 6.16, 242.25, 239.50, 0.02, 26.06, 3.81
3/29/2025 22:26:3, 3, 1, 0, 0, 334925021, -820051557, 15, 481, 22675254, 0, 5.72, 244.17, 242.25, 0.01, 15.50, 3.81
3/29/2025 22:26:4, 3, 1, 0, 0, 334924990, -820051599, 15, 542, 23066622, 0, 5.22, 245.72, 242.75, 0.02, 12.08, 3.81
3/29/2025 22:26:5, 3, 1, 0, 0, 334924960, -820051645, 15, 546, 23415894, 0, 4.70, 247.29, 242.75, 0.03, 8.59, 3.81
3/29/2025 22:26:6, 3, 1, 0, 0, 334924930, -820051686, 15, 493, 23040170, 0, 4.22, 249.48, 246.50, 0.02, 16.10, 3.81
3/29/2025 22:26:7, 3, 1, 0, 0, 334924904, -820051733, 15, 551, 24028114, 0, 3.71, 251.30, 246.62, 0.03, 6.34, 3.81
3/29/2025 22:26:8, 3, 1, 0, 0, 334924876, -820051778, 15, 509, 23752762, 0, 3.22, 254.17, 250.44, 0.02, 12.91, 3.81
3/29/2025 22:26:9, 3, 1, 0, 0, 334924849, -820051824, 19, 479, 23977872, 0, 2.73, 257.78, 252.75, 0.03, 12.97, 3.81
3/29/2025 22:26:10, 3, 1, 0, 0, 334924823, -820051876, 21, 517, 24673790, 0, 2.21, 262.47, 257.37, 0.03, 10.64, 3.81
3/29/2025 22:26:11, 3, 1, 0, 0, 334924804, -820051928, 21, 481, 25290668, 0, 1.71, 267.39, 248.51, 0.10, -4.39, 17.61
3/29/2025 22:26:12, 3, 1, 0, 0, 334924791, -820051981, 21, 487, 26051984, 0, 14.81, 305.38, 268.34, 0.21, 7.82, 13.22
3/29/2025 22:26:12, 3, 1, 0, 0, 334924791, -820051981, 21, 487, 26051984, 0, 14.81, 305.38, 301.97, 0.02, 41.45, 13.22
3/29/2025 22:26:15, 3, 1, 0, 0, 334924781, -820052061, 21, 147, 29000968, 0, 14.28, 307.47, 311.28, -0.02, 21.27, 13.22
3/29/2025 22:26:16, 3, 1, 0, 0, 334924797, -820052081, 22, 350, 32189950, 0, 14.03, 307.35, 309.47, -0.01, -12.43, 13.22
3/29/2025 22:26:17, 3, 1, 0, 0, 334924824, -820052108, 22, 442, 32094900, 0, 13.64, 306.98, 309.28, -0.01, -11.67, 13.22
3/29/2025 22:26:18, 3, 1, 0, 0, 334924857, -820052139, 24, 511, 32329660, 0, 13.19, 306.46, 308.47, -0.01, -14.83, 13.22
3/29/2025 22:26:19, 3, 1, 0, 0, 334924896, -820052171, 24, 551, 32594008, 0, 12.70, 305.68, 308.22, -0.01, -17.72, 13.22
3/29/2025 22:26:20, 3, 1, 0, 0, 334924937, -820052205, 24, 558, 32534558, 0, 12.18, 304.81, 308.22, -0.02, -17.13, 13.22
3/29/2025 22:26:21, 3, 1, 0, 0, 334924980, -820052239, 24, 571, 32695018, 0, 11.65, 303.76, 308.22, -0.02, -18.73, 13.22
3/29/2025 22:26:22, 3, 1, 0, 0, 334925024, -820052272, 24, 573, 32823704, 0, 11.12, 302.54, 305.03, -0.01, -23.21, 13.22
3/29/2025 22:26:23, 3, 1, 0, 0, 334925065, -820052303, 24, 536, 32554226, 0, 10.64, 301.30, 309.95, -0.05, -15.59, 8.18
3/29/2025 22:26:24, 3, 1, 0, 0, 334925106, -820052337, 24, 556, 32476124, 0, 10.14, 300.03, 302.39, -0.01, -22.38, 8.18
3/29/2025 22:26:25, 3, 1, 0, 0, 334925141, -820052367, 24, 456, 32356626, 0, 9.70, 298.86, 300.39, -0.01, -23.18, 8.18
3/29/2025 22:26:27, 3, 1, 0, 0, 334925211, -820052445, 24, 560, 31684250, 0, 8.70, 296.67, 300.20, -0.02, -16.64, 8.18
3/29/2025 22:26:28, 3, 1, 0, 0, 334925248, -820052486, 24, 562, 31725770, 0, 8.18, 295.29, 300.20, -0.03, -17.06, 8.18
3/29/2025 22:26:29, 3, 1, 0, 0, 334925282, -820052526, 24, 522, 31394820, 0, 7.68, 293.92, 296.32, -0.01, -17.63, 8.18
3/29/2025 22:26:30, 3, 1, 0, 0, 334925317, -820052568, 24, 559, 31463564, 0, 7.17, 292.34, 296.26, -0.02, -18.38, 8.18
3/29/2025 22:26:31, 3, 1, 0, 0, 334925350, -820052610, 24, 527, 31251962, 0, 6.67, 290.69, 294.01, -0.02, -18.51, 8.18
3/29/2025 22:26:32, 3, 1, 0, 0, 334925384, -820052654, 24, 567, 31151720, 0, 6.16, 288.74, 293.95, -0.03, -17.57, 8.18
3/29/2025 22:26:33, 3, 1, 0, 0, 334925414, -820052698, 26, 507, 31019790, 0, 5.67, 286.88, 289.95, -0.02, -20.25, 8.18
3/29/2025 22:26:34, 3, 1, 0, 0, 334925444, -820052744, 27, 546, 30823936, 0, 5.17, 284.71, 308.54, -0.13, 0.30, -10.54
3/29/2025 22:26:34, 3, 1, 0, 0, 334925444, -820052744, 27, 546, 30823936, 0, 5.17, 284.71, 288.10, -0.02, -20.14, -10.54
3/29/2025 22:26:37, 3, 1, 0, 0, 334925500, -820052872, 27, 496, 28301698, 0, 3.87, 280.25, 282.73, -0.01, -0.29, -10.54
3/29/2025 22:26:38, 3, 1, 0, 0, 334925510, -820052927, 27, 539, 28204340, 0, 3.35, 279.93, 282.42, -0.01, 0.37, -10.54
3/29/2025 22:26:39, 3, 1, 0, 0, 334925521, -820052986, 27, 573, 28361644, 0, 2.79, 279.40, 282.42, -0.02, -1.20, -10.54
3/29/2025 22:26:40, 3, 1, 0, 0, 334925534, -820053046, 28, 566, 28445108, 0, 2.22, 278.06, 282.42, -0.02, -2.04, -10.54
3/29/2025 22:26:41, 3, 1, 0, 0, 334925545, -820053103, 28, 533, 28246008, 0, 1.68, 276.46, 279.23, -0.02, -3.23, -10.54
3/29/2025 22:26:42, 3, 1, 0, 0, 334925554, -820053152, 28, 422, 28246854, 0, 6.50, 340.05, 282.26, 0.32, -0.21, -14.26
3/29/2025 22:26:42, 3, 1, 0, 0, 334925554, -820053152, 28, 422, 28246854, 0, 6.50, 340.05, 336.76, 0.02, 54.29, -14.26
3/29/2025 22:26:46, 3, 1, 0, 0, 334925581, -820053245, 28, 143, 32186330, 0, 5.96, 346.87, 347.19, -0.00, 25.33, -14.26
3/29/2025 22:26:47, 3, 1, 0, 0, 334925607, -820053255, 28, 362, 34815364, 0, 5.66, 347.12, 350.69, -0.02, 2.54, -14.26
3/29/2025 22:26:48, 3, 1, 0, 0, 334925647, -820053262, 29, 476, 35352572, 0, 5.21, 346.73, 351.82, -0.03, -1.71, -14.26
3/29/2025 22:26:49, 3, 1, 0, 0, 334925693, -820053265, 30, 519, 35808724, 0, 4.71, 345.63, 347.32, -0.01, -10.77, -14.26
3/29/2025 22:26:50, 3, 1, 0, 0, 334925740, -820053269, 30, 526, 35452008, 0, 4.19, 344.34, 345.69, -0.01, -8.83, -14.26
3/29/2025 22:26:51, 3, 1, 0, 0, 334925789, -820053275, 30, 556, 35422240, 0, 3.65, 342.88, 345.19, -0.01, -9.03, -14.26
3/29/2025 22:26:52, 3, 1, 0, 0, 334925839, -820053282, 30, 567, 35419612, 0, 3.11, 341.00, 339.41, 0.01, -14.78, -8.48
3/29/2025 22:26:53, 3, 1, 0, 0, 334925889, -820053287, 30, 561, 35482592, 0, 2.57, 337.94, 339.41, -0.01, -15.41, -8.48
3/29/2025 22:26:54, 3, 1, 0, 0, 334925940, -820053292, 30, 573, 35556708, 0, 2.03, 333.14, 339.35, -0.03, -16.21, -8.48
3/29/2025 22:26:55, 3, 1, 0, 0, 334925990, -820053296, 30, 569, 35618108, 0, 1.53, 324.97, 333.85, -0.05, -22.33, -8.48
3/29/2025 22:26:56, 3, 1, 0, 0, 334926038, -820053302, 30, 522, 35178724, 0, 9.26, 319.60, 343.22, -0.13, -8.56, -25.66
3/29/2025 22:26:57, 3, 1, 0, 0, 334926076, -820053312, 30, 408, 34569880, 0, 8.88, 318.29, 322.91, -0.03, -22.79, -25.66
3/29/2025 22:26:59, 3, 1, 0, 0, 334926137, -820053343, 30, 361, 32968080, 0, 8.19, 316.63, 317.28, -0.00, -12.40, -25.66
3/29/2025 22:27:0, 3, 1, 0, 0, 334926169, -820053374, 30, 512, 31762770, 0, 7.73, 316.37, 317.03, -0.00, -0.59, -25.66
3/29/2025 22:27:1, 3, 1, 0, 0, 334926206, -820053412, 30, 554, 31940596, 0, 7.19, 316.14, 317.03, -0.00, -2.37, -25.66
3/29/2025 22:27:2, 3, 1, 0, 0, 334926244, -820053451, 30, 567, 31967696, 0, 6.63, 315.86, 317.03, -0.01, -2.64, -25.66
3/29/2025 22:27:3, 3, 1, 0, 0, 334926284, -820053491, 30, 575, 32151238, 0, 6.06, 315.45, 317.03, -0.01, -4.48, -25.66
3/29/2025 22:27:4, 3, 1, 0, 0, 334926325, -820053529, 30, 578, 32181166, 0, 5.48, 314.73, 317.03, -0.01, -4.78, -25.66
3/29/2025 22:27:5, 3, 1, 0, 0, 334926367, -820053567, 30, 578, 32263666, 0, 4.91, 313.75, 317.03, -0.02, -5.60, -25.66
3/29/2025 22:27:6, 3, 1, 0, 0, 334926409, -820053605, 30, 581, 32394126, 0, 4.33, 312.51, 317.03, -0.03, -6.91, -25.66
3/29/2025 22:27:7, 3, 1, 0, 0, 334926452, -820053641, 31, 570, 32493158, 0, 3.76, 310.58, 320.94, -0.06, -3.99, -32.75
3/29/2025 22:27:8, 3, 1, 0, 0, 334926492, -820053677, 31, 544, 32208060, 0, 3.22, 308.43, 312.50, -0.02, -9.58, -32.75
3/29/2025 22:27:9, 3, 1, 0, 0, 334926524, -820053711, 31, 430, 31785778, 0, 2.75, 306.71, 307.44, -0.00, -10.42, -32.75
3/29/2025 22:27:10, 3, 1, 0, 0, 334926553, -820053749, 31, 506, 30922274, 0, 2.28, 305.51, 306.38, -0.00, -2.84, -32.75
3/29/2025 22:27:11, 3, 1, 0, 0, 334926604, -820053794, 31, 539, 30933444, 0, 1.62, 297.75, 306.07, -0.05, -3.27, -32.75
3/29/2025 22:27:12, 3, 1, 0, 0, 334926636, -820053870, 31, 557, 31119438, 0, 11.12, 272.58, 304.96, -0.18, -6.23, -38.77
3/29/2025 22:27:12, 3, 1, 0, 0, 334926636, -820053870, 31, 557, 31119438, 0, 11.12, 272.58, 275.90, -0.02, -35.30, -38.77
3/29/2025 22:27:16, 3, 1, 0, 0, 334926687, -820054031, 31, 405, 27451810, 0, 9.62, 269.60, 268.27, 0.01, -6.25, -38.77
3/29/2025 22:27:17, 3, 1, 0, 0, 334926685, -820054081, 31, 509, 26854802, 0, 9.16, 269.72, 267.40, 0.01, -1.15, -38.77
3/29/2025 22:27:18, 3, 1, 0, 0, 334926684, -820054134, 31, 562, 26928540, 0, 8.66, 269.78, 267.40, 0.01, -1.89, -38.77
3/29/2025 22:27:19, 3, 1, 0, 0, 334926685, -820054191, 31, 584, 27026250, 0, 8.13, 269.69, 267.40, 0.01, -2.87, -38.77
3/29/2025 22:27:20, 3, 1, 0, 0, 334926690, -820054251, 31, 583, 27228848, 0, 7.58, 269.24, 267.40, 0.01, -4.89, -38.77
3/29/2025 22:27:21, 3, 1, 0, 0, 334926696, -820054310, 31, 589, 27325636, 0, 7.03, 268.64, 267.40, 0.01, -5.86, -38.77
3/29/2025 22:27:22, 3, 1, 0, 0, 334926702, -820054370, 31, 589, 27420366, 0, 6.48, 267.93, 267.40, 0.00, -6.81, -38.77
3/29/2025 22:27:23, 3, 1, 0, 0, 334926710, -820054430, 31, 593, 27582662, 0, 5.93, 266.88, 267.40, -0.00, -8.43, -38.77
3/29/2025 22:27:24, 3, 1, 0, 0, 334926716, -820054491, 31, 581, 27656496, 0, 5.37, 265.84, 275.26, -0.05, -1.30, -46.64
3/29/2025 22:27:25, 3, 1, 0, 0, 334926725, -820054548, 31, 516, 28052652, 0, 4.85, 264.21, 267.58, -0.02, -12.95, -46.64
3/29/2025 22:27:26, 3, 1, 0, 0, 334926726, -820054603, 31, 523, 26830710, 0, 4.34, 263.38, 264.64, -0.01, -3.67, -46.64
3/29/2025 22:27:27, 3, 1, 0, 0, 334926725, -820054662, 31, 567, 26801348, 0, 3.80, 262.60, 264.39, -0.01, -3.62, -46.64
3/29/2025 22:27:28, 3, 1, 0, 0, 334926723, -820054723, 31, 574, 26917032, 0, 3.23, 261.69, 264.39, -0.01, -4.78, -46.64
3/29/2025 22:27:29, 3, 1, 0, 0, 334926723, -820054785, 31, 586, 27001552, 0, 2.67, 259.91, 264.39, -0.02, -5.63, -46.64
3/29/2025 22:27:30, 3, 1, 0, 0, 334926725, -820054843, 31, 540, 27232420, 0, 2.14, 256.80, 261.14, -0.02, -11.19, -46.64
3/29/2025 22:27:31, 3, 1, 0, 0, 334926725, -820054898, 31, 531, 26778868, 0, 1.65, 252.76, 258.01, -0.03, -9.77, -46.64
3/29/2025 22:27:32, 3, 1, 0, 0, 334926723, -820054952, 31, 520, 26598006, 0, 9.99, 239.93, 259.88, -0.11, -6.10, -53.25
3/29/2025 22:27:32, 3, 1, 0, 0, 334926723, -820054952, 31, 520, 26598006, 0, 9.99, 239.93, 243.50, -0.02, -22.48, -53.25
3/29/2025 22:27:35, 3, 1, 0, 0, 334926699, -820055071, 31, 461, 24351572, 0, 8.91, 237.86, 237.38, 0.00, -6.14, -53.25
3/29/2025 22:27:36, 3, 1, 0, 0, 334926677, -820055119, 31, 542, 24010766, 0, 8.40, 237.66, 237.06, 0.00, -3.04, -53.25
3/29/2025 22:27:37, 3, 1, 0, 0, 334926654, -820055173, 31, 574, 24161052, 0, 7.84, 237.28, 237.06, 0.00, -4.55, -53.25
3/29/2025 22:27:38, 3, 1, 0, 0, 334926630, -820055229, 31, 589, 24390888, 0, 7.26, 236.83, 237.13, -0.00, -6.78, -53.25
3/29/2025 22:27:39, 3, 1, 0, 0, 334926606, -820055286, 31, 591, 24526188, 0, 6.67, 236.27, 237.13, -0.00, -8.14, -53.25
3/29/2025 22:27:40, 3, 1, 0, 0, 334926585, -820055345, 31, 595, 24683790, 0, 6.09, 235.24, 237.13, -0.01, -9.71, -53.25
3/29/2025 22:27:41, 3, 1, 0, 0, 334926563, -820055404, 31, 597, 24796728, 0, 5.50, 234.08, 237.13, -0.02, -10.84, -53.25
3/29/2025 22:27:42, 3, 1, 0, 0, 334926543, -820055463, 31, 609, 24885178, 0, 4.93, 232.44, 237.13, -0.03, -11.72, -53.25
3/29/2025 22:27:43, 3, 1, 0, 0, 334926524, -820055519, 31, 544, 24968696, 0, 4.39, 230.49, 242.38, -0.07, -7.31, -62.19
3/29/2025 22:27:44, 3, 1, 0, 0, 334926506, -820055569, 31, 497, 24725960, 0, 3.91, 228.43, 233.88, -0.03, -13.38, -62.19
3/29/2025 22:27:45, 3, 1, 0, 0, 334926482, -820055616, 31, 536, 23574658, 0, 3.40, 226.92, 228.57, -0.01, -7.18, -62.19
3/29/2025 22:27:46, 3, 1, 0, 0, 334926452, -820055664, 31, 574, 23478122, 0, 2.85, 225.71, 227.69, -0.01, -7.09, -62.19
3/29/2025 22:27:47, 3, 1, 0, 0, 334926422, -820055715, 31, 592, 23658746, 0, 2.28, 223.41, 227.69, -0.02, -8.90, -62.19
3/29/2025 22:27:48, 3, 1, 0, 0, 334926394, -820055764, 31, 537, 23741200, 0, 1.75, 219.59, 224.82, -0.03, -12.60, -62.19
3/29/2025 22:27:49, 3, 1, 0, 0, 334926368, -820055810, 31, 485, 23614740, 0, 9.76, 193.75, 229.35, -0.20, -6.80, -71.60
3/29/2025 22:27:49, 3, 1, 0, 0, 334926368, -820055810, 31, 485, 23614740, 0, 9.76, 193.75, 197.10, -0.02, -39.05, -71.60
3/29/2025 22:27:53, 3, 1, 0, 0, 334926265, -820055921, 31, 452, 20186580, 0, 8.43, 188.80, 190.10, -0.01, -11.77, -71.60
3/29/2025 22:27:54, 3, 1, 0, 0, 334926221, -820055937, 31, 522, 19671606, 0, 7.92, 188.28, 189.54, -0.01, -7.18, -71.60
3/29/2025 22:27:55, 3, 1, 0, 0, 334926172, -820055954, 31, 567, 19876794, 0, 7.36, 187.67, 189.54, -0.01, -9.23, -71.60
3/29/2025 22:27:56, 3, 1, 0, 0, 334926123, -820055974, 31, 572, 20048042, 0, 6.80, 186.74, 189.54, -0.02, -10.94, -71.60
3/29/2025 22:27:57, 3, 1, 0, 0, 334926074, -820055997, 31, 583, 20279768, 0, 6.23, 185.38, 189.54, -0.02, -13.26, -71.60
3/29/2025 22:27:58, 3, 1, 0, 0, 334926026, -820056019, 31, 555, 20188706, 0, 5.69, 183.84, 186.91, -0.02, -14.98, -71.60
3/29/2025 22:27:59, 3, 1, 0, 0, 334925978, -820056042, 31, 578, 20352834, 0, 5.14, 181.86, 186.79, -0.03, -16.74, -71.60
3/29/2025 22:28:0, 3, 1, 0, 0, 334925932, -820056065, 31, 525, 20182378, 0, 4.63, 179.43, 197.15, -0.10, -4.68, -85.96
3/29/2025 22:28:1, 3, 1, 0, 0, 334925892, -820056086, 31, 465, 20223576, 0, 4.19, 176.70, 182.83, -0.03, -19.40, -85.96
3/29/2025 22:28:2, 3, 1, 0, 0, 334925852, -820056100, 31, 448, 19104444, 0, 3.76, 174.33, 175.08, -0.00, -15.96, -85.96
3/29/2025 22:28:3, 3, 1, 0, 0, 334925808, -820056107, 31, 518, 18334232, 0, 3.28, 172.35, 173.58, -0.01, -9.76, -85.96
3/29/2025 22:28:4, 3, 1, 0, 0, 334925759, -820056112, 31, 551, 18328856, 0, 2.75, 169.88, 173.21, -0.02, -10.08, -85.96
3/29/2025 22:28:5, 3, 1, 0, 0, 334925708, -820056117, 31, 567, 18381238, 0, 2.20, 166.09, 173.21, -0.04, -10.60, -85.96
3/29/2025 22:28:6, 3, 1, 0, 0, 334925657, -820056124, 31, 566, 18733100, 0, 1.68, 159.27, 166.71, -0.04, -20.62, -85.96
3/29/2025 22:28:7, 3, 1, 0, 0, 334925609, -820056128, 31, 511, 18289302, 0, 9.16, 155.65, 172.35, -0.09, -10.54, -98.97
3/29/2025 22:28:8, 3, 1, 0, 0, 334925572, -820056127, 31, 374, 17779800, 0, 8.78, 154.60, 159.10, -0.03, -18.70, -98.97
3/29/2025 22:28:10, 3, 1, 0, 0, 334925502, -820056110, 31, 478, 16009040, 0, 8.01, 153.23, 152.79, 0.00, -7.30, -98.97
3/29/2025 22:28:11, 3, 1, 0, 0, 334925458, -820056088, 31, 538, 15821622, 0, 7.48, 152.93, 151.79, 0.01, -6.43, -98.97
3/29/2025 22:28:12, 3, 1, 0, 0, 334925411, -820056067, 31, 560, 15956408, 0, 6.93, 152.40, 151.72, 0.00, -7.84, -98.97
3/29/2025 22:28:13, 3, 1, 0, 0, 334925363, -820056047, 31, 573, 16035000, 0, 6.37, 151.66, 151.72, -0.00, -8.63, -98.97
3/29/2025 22:28:14, 3, 1, 0, 0, 334925313, -820056028, 31, 571, 16229942, 0, 5.80, 150.58, 151.72, -0.01, -10.58, -98.97
3/29/2025 22:28:15, 3, 1, 0, 0, 334925262, -820056011, 31, 582, 16291756, 0, 5.23, 149.03, 151.72, -0.01, -11.19, -98.97
3/29/2025 22:28:16, 3, 1, 0, 0, 334925211, -820055994, 31, 587, 16374284, 0, 4.66, 147.11, 151.72, -0.03, -12.02, -98.97
3/29/2025 22:28:17, 3, 1, 0, 0, 334925163, -820055978, 31, 533, 16222180, 0, 4.14, 144.82, 148.16, -0.02, -14.06, -98.97
3/29/2025 22:28:18, 3, 1, 0, 0, 334925114, -820055959, 31, 571, 16169762, 0, 3.59, 142.10, 147.35, -0.03, -14.35, -98.97
3/29/2025 22:28:19, 3, 1, 0, 0, 334925067, -820055940, 31, 515, 15991612, 0, 3.08, 138.71, 153.78, -0.08, -6.14, -110.03
3/29/2025 22:28:20, 3, 1, 0, 0, 334925026, -820055921, 31, 457, 15887786, 0, 2.63, 135.04, 142.16, -0.04, -16.72, -110.03
3/29/2025 22:28:21, 3, 1, 0, 0, 334924989, -820055895, 31, 470, 14725476, 0, 2.17, 131.86, 134.41, -0.01, -12.85, -110.03
3/29/2025 22:28:22, 3, 1, 0, 0, 334924952, -820055860, 31, 533, 13941142, 0, 1.65, 128.74, 132.72, -0.02, -6.69, -110.03
3/29/2025 22:28:23, 3, 1, 0, 0, 334924917, -820055826, 31, 484, 14116772, 0, 9.34, 113.81, 140.75, -0.15, -0.41, -120.63
3/29/2025 22:28:23, 3, 1, 0, 0, 334924917, -820055826, 31, 484, 14116772, 0, 9.34, 113.81, 117.13, -0.02, -24.04, -120.63
3/29/2025 22:28:26, 3, 1, 0, 0, 334924849, -820055748, 31, 344, 12006004, 0, 8.38, 111.08, 110.19, 0.00, -9.87, -120.63
3/29/2025 22:28:27, 3, 1, 0, 0, 334924832, -820055704, 31, 483, 11210674, 0, 7.93, 110.87, 108.82, 0.01, -3.29, -120.63
3/29/2025 22:28:28, 3, 1, 0, 0, 334924815, -820055654, 31, 526, 11092900, 0, 7.43, 110.78, 108.57, 0.01, -2.36, -120.63
3/29/2025 22:28:29, 3, 1, 0, 0, 334924798, -820055600, 31, 540, 11090556, 0, 6.90, 110.79, 108.57, 0.01, -2.34, -120.63
3/29/2025 22:28:30, 3, 1, 0, 0, 334924779, -820055546, 31, 537, 11222864, 0, 6.35, 110.61, 108.57, 0.01, -3.66, -120.63
3/29/2025 22:28:31, 3, 1, 0, 0, 334924760, -820055491, 31, 540, 11252096, 0, 5.80, 110.43, 108.57, 0.01, -3.95, -120.63
3/29/2025 22:28:32, 3, 1, 0, 0, 334924741, -820055437, 31, 540, 11319498, 0, 5.26, 110.17, 108.57, 0.01, -4.63, -120.63
3/29/2025 22:28:33, 3, 1, 0, 0, 334924721, -820055381, 31, 550, 11403988, 0, 4.69, 109.81, 114.60, -0.03, 0.56, -126.66
3/29/2025 22:28:34, 3, 1, 0, 0, 334924701, -820055328, 31, 533, 11516934, 0, 4.16, 109.22, 110.72, -0.01, -4.45, -126.66
3/29/2025 22:28:35, 3, 1, 0, 0, 334924685, -820055274, 31, 521, 10921786, 0, 3.62, 109.17, 110.10, -0.01, 0.88, -126.66
3/29/2025 22:28:36, 3, 1, 0, 0, 334924669, -820055221, 31, 540, 10961660, 0, 3.10, 109.05, 109.97, -0.01, 0.36, -126.66
3/29/2025 22:28:37, 3, 1, 0, 0, 334924653, -820055167, 31, 545, 10869838, 0, 2.57, 108.94, 109.91, -0.01, 1.21, -126.66
3/29/2025 22:28:38, 3, 1, 0, 0, 334924636, -820055113, 31, 548, 10894594, 0, 2.03, 108.49, 109.91, -0.01, 0.96, -126.66
3/29/2025 22:28:39, 3, 1, 0, 0, 334924620, -820055057, 31, 544, 10968940, 0, 1.49, 108.33, 109.91, -0.01, 0.22, -126.66
3/29/2025 22:28:40, 3, 1, 0, 0, 334924603, -820055003, 31, 525, 10895296, 0, 8.55, 77.22, 109.51, -0.18, 0.56, -126.70
3/29/2025 22:28:40, 3, 1, 0, 0, 334924603, -820055003, 31, 525, 10895296, 0, 8.55, 77.22, 80.70, -0.02, -28.26, -126.70
3/29/2025 22:28:44, 3, 1, 0, 0, 334924580, -820054866, 31, 365, 7454790, 0, 7.39, 73.11, 73.01, 0.00, -1.54, -126.70
3/29/2025 22:28:45, 3, 1, 0, 0, 334924593, -820054822, 31, 469, 6817919, 0, 6.95, 73.27, 71.45, 0.01, 3.27, -126.70
3/29/2025 22:28:46, 3, 1, 0, 0, 334924610, -820054773, 31, 514, 6728284, 0, 6.46, 73.71, 71.38, 0.01, 4.10, -126.70
3/29/2025 22:28:47, 3, 1, 0, 0, 334924628, -820054721, 31, 533, 6663984, 0, 5.95, 74.26, 71.38, 0.02, 4.74, -126.70
3/29/2025 22:28:48, 3, 1, 0, 0, 334924646, -820054668, 31, 533, 6738608, 0, 5.42, 74.89, 71.38, 0.02, 4.00, -126.70
3/29/2025 22:28:49, 3, 1, 0, 0, 334924664, -820054614, 31, 536, 6732958, 0, 4.88, 75.63, 71.38, 0.02, 4.05, -126.70
3/29/2025 22:28:50, 3, 1, 0, 0, 334924681, -820054566, 31, 473, 6756326, 0, 4.41, 76.57, 74.76, 0.01, 7.20, -126.70
3/29/2025 22:28:51, 3, 1, 0, 0, 334924695, -820054514, 31, 526, 7215148, 0, 3.90, 77.15, 75.60, 0.01, 3.45, -126.78
3/29/2025 22:28:52, 3, 1, 0, 0, 334924709, -820054459, 31, 534, 7238724, 0, 3.37, 77.80, 75.66, 0.01, 3.27, -126.78
3/29/2025 22:28:53, 3, 1, 0, 0, 334924723, -820054404, 31, 540, 7254101, 0, 2.84, 78.70, 75.66, 0.02, 3.12, -126.78
3/29/2025 22:28:54, 3, 1, 0, 0, 334924737, -820054348, 31, 543, 7238095, 0, 2.30, 79.97, 75.66, 0.02, 3.28, -126.78
3/29/2025 22:28:55, 3, 1, 0, 0, 334924751, -820054297, 31, 483, 7195682, 0, 1.81, 82.22, 78.78, 0.02, 6.83, -126.78
3/29/2025 22:28:56, 3, 1, 0, 0, 334924760, -820054250, 31, 432, 7748017, 0, 7.87, 66.68, 74.92, -0.05, -2.56, -122.80
3/29/2025 22:28:57, 3, 1, 0, 0, 334924765, -820054214, 31, 304, 8103833, 0, 7.54, 66.07, 69.17, -0.02, -11.87, -122.80
3/29/2025 22:28:58, 3, 1, 0, 0, 334924775, -820054177, 31, 393, 6903208, 0, 7.18, 65.77, 64.86, 0.01, -4.17, -122.80
3/29/2025 22:28:59, 3, 1, 0, 0, 334924791, -820054133, 31, 474, 6477519, 0, 6.74, 65.72, 63.80, 0.01, -0.98, -122.80
3/29/2025 22:29:0, 3, 1, 0, 0, 334924809, -820054084, 31, 500, 6522628, 0, 6.24, 65.68, 63.73, 0.01, -1.49, -122.80
3/29/2025 22:29:1, 3, 1, 0, 0, 334924828, -820054034, 31, 515, 6461513, 0, 5.73, 65.70, 63.80, 0.01, -0.82, -122.80
3/29/2025 22:29:2, 3, 1, 0, 0, 334924848, -820053984, 31, 524, 6445616, 0, 5.22, 65.83, 63.80, 0.01, -0.66, -122.80
3/29/2025 22:29:3, 3, 1, 0, 0, 334924868, -820053932, 31, 534, 6464728, 0, 4.68, 65.90, 63.80, 0.01, -0.85, -122.80
3/29/2025 22:29:4, 3, 1, 0, 0, 334924888, -820053879, 31, 539, 6590500, 0, 4.14, 65.93, 63.80, 0.01, -2.11, -122.80
3/29/2025 22:29:5, 3, 1, 0, 0, 334924906, -820053825, 31, 545, 6685374, 0, 3.61, 65.59, 63.80, 0.01, -3.06, -122.80
3/29/2025 22:29:6, 3, 1, 0, 0, 334924925, -820053771, 31, 555, 6754127, 0, 3.06, 65.31, 66.65, -0.01, -0.89, -125.65
3/29/2025 22:29:7, 3, 1, 0, 0, 334924943, -820053715, 31, 555, 6821200, 0, 2.51, 64.51, 66.65, -0.01, -1.56, -125.65
3/29/2025 22:29:8, 3, 1, 0, 0, 334924961, -820053659, 31, 553, 6894697, 0, 1.95, 63.26, 66.65, -0.02, -2.30, -125.65
3/29/2025 22:29:9, 3, 1, 0, 0, 334924977, -820053608, 31, 493, 6956258, 0, 14.02, 98.21, 68.23, 0.17, -1.33, -127.23
3/29/2025 22:29:10, 3, 1, 0, 0, 334924988, -820053569, 31, 343, 6934985, 0, 13.68, 98.93, 94.92, 0.02, 25.57, -127.23
3/29/2025 22:29:12, 3, 1, 0, 0, 334924995, -820053520, 31, 198, 9624294, 0, 13.24, 99.57, 104.05, -0.02, 7.80, -127.23
3/29/2025 22:29:13, 3, 1, 0, 0, 334924986, -820053485, 31, 401, 10952716, 0, 12.91, 99.37, 101.48, -0.01, -8.04, -127.23
3/29/2025 22:29:14, 3, 1, 0, 0, 334924974, -820053439, 31, 460, 10534118, 0, 12.47, 99.09, 100.92, -0.01, -4.42, -127.23
3/29/2025 22:29:15, 3, 1, 0, 0, 334924961, -820053388, 31, 516, 10719510, 0, 11.98, 98.76, 100.73, -0.01, -6.46, -127.23
3/29/2025 22:29:16, 3, 1, 0, 0, 334924946, -820053333, 31, 540, 10758000, 0, 11.45, 98.32, 100.73, -0.01, -6.85, -127.23
3/29/2025 22:29:17, 3, 1, 0, 0, 334924930, -820053277, 31, 551, 10767934, 0, 10.91, 97.79, 100.80, -0.02, -6.88, -127.23
3/29/2025 22:29:18, 3, 1, 0, 0, 334924913, -820053220, 31, 554, 10951136, 0, 10.36, 97.16, 100.80, -0.02, -8.72, -127.23
3/29/2025 22:29:19, 3, 1, 0, 0, 334924896, -820053164, 31, 549, 11122720, 0, 9.82, 96.44, 100.12, -0.02, -11.10, -128.37
3/29/2025 22:29:20, 3, 1, 0, 0, 334924878, -820053110, 31, 528, 11160184, 0, 9.30, 95.56, 98.06, -0.01, -13.54, -128.37
3/29/2025 22:29:21, 3, 1, 0, 0, 334924861, -820053057, 31, 521, 11038456, 0, 8.79, 94.64, 98.06, -0.02, -12.32, -128.37
3/29/2025 22:29:22, 3, 1, 0, 0, 334924843, -820053004, 31, 534, 11219110, 0, 8.29, 93.54, 98.06, -0.03, -14.13, -128.37
3/29/2025 22:29:23, 3, 1, 0, 0, 334924824, -820052952, 31, 533, 11393790, 0, 7.80, 92.21, 94.50, -0.01, -19.44, -128.37
3/29/2025 22:29:24, 3, 1, 0, 0, 334924805, -820052900, 31, 519, 11192914, 0, 7.31, 90.70, 93.87, -0.02, -18.06, -128.37
3/29/2025 22:29:25, 3, 1, 0, 0, 334924787, -820052846, 31, 545, 11213556, 0, 6.81, 89.06, 93.25, -0.02, -18.89, -128.37
3/29/2025 22:29:26, 3, 1, 0, 0, 334924766, -820052792, 31, 569, 11433862, 0, 6.32, 86.87, 90.12, -0.02, -24.22, -128.37
3/29/2025 22:29:27, 3, 1, 0, 0, 334924746, -820052737, 31, 553, 11206656, 0, 5.83, 84.41, 88.87, -0.02, -23.19, -128.37
3/29/2025 22:29:28, 3, 1, 0, 0, 334924727, -820052682, 31, 557, 11314282, 0, 5.34, 81.62, 85.19, -0.02, -27.96, -128.37
3/29/2025 22:29:29, 3, 1, 0, 0, 334924708, -820052627, 31, 535, 11101868, 0, 4.88, 78.29, 102.47, -0.13, -8.55, -146.66
3/29/2025 22:29:30, 3, 1, 0, 0, 334924690, -820052574, 31, 539, 11196588, 0, 4.45, 74.48, 81.59, -0.04, -30.37, -146.66
3/29/2025 22:29:32, 3, 1, 0, 0, 334924666, -820052493, 31, 351, 9919090, 0, 3.82, 67.59, 72.22, -0.03, -26.97, -146.66
3/29/2025 22:29:33, 3, 1, 0, 0, 334924665, -820052449, 31, 434, 8825418, 0, 3.45, 64.84, 67.34, -0.01, -20.91, -146.66
3/29/2025 22:29:34, 3, 1, 0, 0, 334924669, -820052401, 31, 468, 8231638, 0, 3.04, 62.03, 65.53, -0.02, -16.79, -146.66
3/29/2025 22:29:35, 3, 1, 0, 0, 334924674, -820052348, 31, 501, 8318174, 0, 2.58, 58.00, 64.34, -0.04, -18.84, -146.66
3/29/2025 22:29:36, 3, 1, 0, 0, 334924679, -820052295, 31, 504, 8405082, 0, 2.15, 52.29, 58.09, -0.03, -25.96, -146.66
3/29/2025 22:29:37, 3, 1, 0, 0, 334924685, -820052245, 31, 458, 8052579, 0, 1.75, 44.72, 52.22, -0.04, -28.31, -146.66
