Time, fixType, gnssFixOk, headVehValid, invalid_llh, Lat, Lon, SIV, groundSpeed, headingMotion, headingVehicle, distanceBetween, targetHeading, currentHeading, headingError, gpsError, averageGPSError
4/8/2004 0:0:15, 97, 0, 0, 0, 0, 0, 0, 0, 0, 0, 9269521.42, 303.75, 359.69, -0.31, 359.69, 0.00
3/29/2025 21:57:32, 3, 1, 0, 0, 334924366, -820050757, 9, 133, 34523100, 0, 16.11, 284.93, 358.37, -0.41, 13.14, 0.00
3/29/2025 21:57:32, 3, 1, 0, 0, 334924366, -820050757, 9, 133, 34523100, 0, 16.11, 284.93, 288.44, -0.02, -56.79, 0.00
3/29/2025 21:57:38, 3, 1, 0, 0, 334924456, -820050869, 9, 313, 28319926, 0, 14.86, 282.23, 281.56, 0.00, -1.64, 0.00
3/29/2025 21:57:39, 3, 1, 0, 0, 334924478, -820050923, 16, 436, 26885390, 0, 14.32, 281.69, 281.12, 0.00, 12.27, 0.00
3/29/2025 21:57:40, 3, 1, 0, 0, 334924494, -820050990, 16, 547, 27119496, 0, 13.68, 281.49, 281.12, 0.00, 9.93, 0.00
3/29/2025 21:57:41, 3, 1, 0, 0, 334924523, -820051070, 16, 574, 27183374, 0, 12.89, 280.74, 281.12, -0.00, 9.29, 0.00
3/29/2025 21:57:42, 3, 1, 0, 0, 334924543, -820051144, 16, 584, 27285816, 0, 12.17, 280.32, 281.12, -0.00, 8.27, 0.00
3/29/2025 21:57:43, 3, 1, 0, 0, 334924562, -820051220, 16, 594, 27227236, 0, 11.44, 279.91, 280.66, -0.00, 8.39, 0.46
3/29/2025 21:57:44, 3, 1, 0, 0, 334924572, -820051287, 16, 591, 27262716, 0, 10.81, 279.89, 280.66, -0.00, 8.03, 0.46
3/29/2025 21:57:45, 3, 1, 0, 0, 334924583, -820051355, 19, 604, 27289384, 0, 10.17, 279.83, 280.66, -0.00, 7.77, 0.46
3/29/2025 21:57:46, 3, 1, 0, 0, 334924593, -820051424, 19, 602, 27453378, 0, 9.52, 279.82, 280.66, -0.00, 6.13, 0.46
3/29/2025 21:57:47, 3, 1, 0, 0, 334924605, -820051491, 19, 595, 27595156, 0, 8.88, 279.66, 280.66, -0.01, 4.71, 0.46
3/29/2025 21:57:48, 3, 1, 0, 0, 334924615, -820051560, 21, 612, 27684636, 0, 8.23, 279.64, 280.66, -0.01, 3.81, 0.46
3/29/2025 21:57:49, 3, 1, 0, 0, 334924627, -820051629, 21, 595, 27668174, 0, 7.58, 279.46, 280.66, -0.01, 3.98, 0.46
3/29/2025 21:57:50, 3, 1, 0, 0, 334924643, -820051702, 21, 603, 27779454, 0, 6.88, 278.93, 280.66, -0.01, 2.87, 0.46
3/29/2025 21:57:51, 3, 1, 0, 0, 334924660, -820051773, 21, 615, 27911738, 0, 6.20, 278.14, 280.66, -0.01, 1.54, 0.46
3/29/2025 21:57:52, 3, 1, 0, 0, 334924677, -820051843, 21, 611, 28037156, 0, 5.53, 277.16, 280.66, -0.02, 0.29, 0.46
3/29/2025 21:57:53, 3, 1, 0, 0, 334924687, -820051908, 21, 616, 28226260, 0, 4.92, 276.75, 275.91, 0.00, -6.35, 5.22
3/29/2025 21:57:54, 3, 1, 0, 0, 334924699, -820051973, 21, 600, 28232238, 0, 4.31, 275.93, 275.91, 0.00, -6.41, 5.22
3/29/2025 21:57:55, 3, 1, 0, 0, 334924711, -820052037, 21, 612, 28303324, 0, 3.70, 274.82, 275.91, -0.01, -7.12, 5.22
3/29/2025 21:57:56, 3, 1, 0, 0, 334924725, -820052100, 21, 607, 28520190, 0, 3.11, 272.87, 275.91, -0.02, -9.29, 5.22
3/29/2025 21:57:57, 3, 1, 0, 0, 334924740, -820052162, 21, 606, 28467634, 0, 2.53, 269.75, 275.91, -0.03, -8.77, 5.22
3/29/2025 21:57:58, 3, 1, 0, 0, 334924756, -820052225, 21, 611, 28632490, 0, 1.96, 264.46, 270.60, -0.03, -15.73, 5.22
3/29/2025 21:57:59, 3, 1, 0, 0, 334924770, -820052285, 21, 538, 28259260, 0, 12.18, 293.00, 273.79, 0.11, -8.80, -3.73
3/29/2025 21:58:0, 3, 1, 0, 0, 334924777, -820052335, 21, 428, 27791620, 0, 11.73, 293.54, 289.73, 0.02, 11.81, -3.73
3/29/2025 21:58:2, 3, 1, 0, 0, 334924789, -820052411, 22, 287, 29017830, 0, 11.03, 294.36, 296.98, -0.01, 6.80, -3.73
3/29/2025 21:58:3, 3, 1, 0, 0, 334924809, -820052453, 22, 499, 30066674, 0, 10.58, 294.14, 297.73, -0.02, -2.94, -3.73
3/29/2025 21:58:4, 3, 1, 0, 0, 334924838, -820052504, 22, 578, 30448592, 0, 10.02, 293.56, 297.73, -0.02, -6.76, -3.73
3/29/2025 21:58:5, 3, 1, 0, 0, 334924870, -820052554, 22, 569, 30756738, 0, 9.45, 292.70, 295.10, -0.01, -12.46, -3.73
3/29/2025 21:58:6, 3, 1, 0, 0, 334924900, -820052607, 23, 574, 30168296, 0, 8.87, 291.94, 295.10, -0.02, -6.58, -3.73
3/29/2025 21:58:7, 3, 1, 0, 0, 334924930, -820052659, 24, 575, 30563750, 0, 8.30, 291.05, 295.10, -0.02, -10.53, -3.73
3/29/2025 21:58:8, 3, 1, 0, 0, 334924960, -820052711, 24, 574, 30514542, 0, 7.73, 290.03, 292.60, -0.01, -12.54, -3.73
3/29/2025 21:58:9, 3, 1, 0, 0, 334924988, -820052764, 25, 572, 30093426, 0, 7.16, 289.03, 292.54, -0.02, -8.39, -3.73
3/29/2025 21:58:10, 3, 1, 0, 0, 334925015, -820052818, 27, 589, 30143772, 0, 6.59, 287.98, 297.67, -0.05, -3.77, -8.80
3/29/2025 21:58:11, 3, 1, 0, 0, 334925045, -820052872, 27, 596, 30313028, 0, 6.02, 286.43, 289.80, -0.02, -13.33, -8.80
3/29/2025 21:58:12, 3, 1, 0, 0, 334925067, -820052921, 27, 487, 29610666, 0, 5.51, 285.33, 287.11, -0.01, -9.00, -8.80
3/29/2025 21:58:13, 3, 1, 0, 0, 334925087, -820052974, 27, 567, 29279474, 0, 4.98, 284.36, 287.17, -0.02, -5.62, -8.80
3/29/2025 21:58:14, 3, 1, 0, 0, 334925108, -820053031, 27, 578, 29286288, 0, 4.41, 283.12, 287.17, -0.02, -5.69, -8.80
3/29/2025 21:58:15, 3, 1, 0, 0, 334925130, -820053089, 27, 597, 29401550, 0, 3.83, 281.38, 284.73, -0.02, -9.28, -8.80
3/29/2025 21:58:16, 3, 1, 0, 0, 334925151, -820053148, 27, 590, 29197846, 0, 3.25, 279.25, 284.73, -0.03, -7.25, -8.80
3/29/2025 21:58:17, 3, 1, 0, 0, 334925173, -820053207, 27, 592, 29369540, 0, 2.68, 275.96, 279.86, -0.02, -13.84, -8.80
3/29/2025 21:58:18, 3, 1, 0, 0, 334925192, -820053265, 27, 567, 29004582, 0, 2.13, 271.80, 277.11, -0.03, -12.94, -8.80
3/29/2025 21:58:19, 3, 1, 0, 0, 334925207, -820053324, 27, 574, 28610286, 0, 1.58, 266.37, 272.48, -0.03, -13.62, -8.80
3/29/2025 21:58:20, 3, 1, 0, 0, 334925220, -820053383, 27, 565, 28286668, 0, 7.37, 27.77, 276.17, 0.62, -6.70, -18.23
3/29/2025 21:58:20, 3, 1, 0, 0, 334925220, -820053383, 27, 565, 28286668, 0, 7.37, 27.77, 24.54, 0.02, -258.32, -18.23
3/29/2025 21:58:28, 3, 1, 0, 0, 334925285, -820053522, 26, 265, 3258450, 0, 7.47, 39.17, 34.92, 0.02, 2.33, -18.23
3/29/2025 21:58:29, 3, 1, 0, 0, 334925309, -820053497, 26, 387, 4264012, 0, 7.12, 39.08, 40.85, -0.01, -1.79, -18.23
3/29/2025 21:58:30, 3, 1, 0, 0, 334925335, -820053461, 26, 478, 5163999, 0, 6.69, 38.42, 42.85, -0.02, -8.79, -18.23
3/29/2025 21:58:31, 3, 1, 0, 0, 334925360, -820053422, 26, 447, 5261973, 0, 6.25, 37.41, 29.01, 0.05, -23.61, -7.45
3/29/2025 21:58:32, 3, 1, 0, 0, 334925383, -820053388, 26, 382, 5105840, 0, 5.85, 36.48, 36.57, -0.00, -14.49, -7.45
3/29/2025 21:58:33, 3, 1, 0, 0, 334925404, -820053346, 26, 471, 6263399, 0, 5.43, 34.64, 39.32, -0.03, -23.31, -7.45
3/29/2025 21:58:34, 3, 1, 0, 0, 334925422, -820053303, 26, 433, 6366564, 0, 5.05, 32.20, 35.32, -0.02, -28.34, -7.45
3/29/2025 21:58:35, 3, 1, 0, 0, 334925442, -820053257, 26, 496, 6117479, 0, 4.64, 29.21, 34.51, -0.03, -26.67, -7.45
3/29/2025 21:58:36, 3, 1, 0, 0, 334925462, -820053215, 26, 416, 5845444, 0, 4.26, 26.09, 29.76, -0.02, -28.69, -7.45
3/29/2025 21:58:37, 3, 1, 0, 0, 334925486, -820053175, 26, 466, 5406808, 0, 3.86, 22.89, 27.07, -0.02, -27.00, -7.45
3/29/2025 21:58:38, 3, 1, 0, 0, 334925513, -820053137, 26, 447, 4811102, 0, 3.46, 19.44, 22.26, -0.02, -25.85, -7.45
3/29/2025 21:58:39, 3, 1, 0, 0, 334925544, -820053098, 26, 497, 4614621, 0, 3.02, 15.14, 19.32, -0.02, -26.82, -7.45
3/29/2025 21:58:40, 3, 1, 0, 0, 334925574, -820053061, 28, 477, 4443598, 0, 2.62, 9.79, 15.01, -0.03, -29.43, -7.45
3/29/2025 21:58:41, 3, 1, 0, 0, 334925605, -820053028, 28, 447, 4032474, 0, 2.24, 3.56, 34.75, -0.17, -5.58, -32.87
3/29/2025 21:58:41, 3, 1, 0, 0, 334925605, -820053028, 28, 447, 4032474, 0, 2.24, 3.56, 6.94, -0.02, -33.39, -32.87
3/29/2025 21:58:44, 3, 1, 0, 0, 334925695, -820052973, 28, 390, 623945, 0, 1.29, 343.27, 359.87, -0.09, 353.63, -32.87
3/29/2025 21:58:45, 3, 1, 0, 0, 334925734, -820052967, 29, 451, 453913, 0, 6.71, 6.19, 1.72, 0.02, -2.82, -47.90
3/29/2025 21:58:46, 3, 1, 0, 0, 334925769, -820052969, 29, 376, 35157636, 0, 6.33, 6.73, 4.97, 0.01, -346.61, -47.90
3/29/2025 21:58:47, 3, 1, 0, 0, 334925798, -820052975, 29, 320, 34689320, 0, 6.01, 7.62, 7.28, 0.00, -339.61, -47.90
3/29/2025 21:58:48, 3, 1, 0, 0, 334925837, -820052979, 29, 490, 35658072, 0, 5.59, 8.59, 6.90, 0.01, -349.68, -47.90
3/29/2025 21:58:49, 3, 1, 0, 0, 334925883, -820052981, 30, 531, 35886596, 0, 5.09, 9.65, 6.78, 0.02, -352.09, -47.90
3/29/2025 21:58:50, 3, 1, 0, 0, 334925932, -820052982, 30, 551, 35849856, 0, 4.55, 10.92, 6.78, 0.02, -351.72, -47.90
3/29/2025 21:58:51, 3, 1, 0, 0, 334925981, -820052982, 30, 547, 35917576, 0, 4.02, 12.39, 9.78, 0.01, -349.40, -47.90
3/29/2025 21:58:52, 3, 1, 0, 0, 334926029, -820052980, 30, 530, 256715, 0, 3.50, 13.97, 9.84, 0.02, 7.28, -47.90
3/29/2025 21:58:53, 3, 1, 0, 0, 334926077, -820052977, 30, 542, 383935, 0, 2.97, 15.94, 12.65, 0.02, 8.82, -47.90
3/29/2025 21:58:54, 3, 1, 0, 0, 334926125, -820052971, 30, 533, 591001, 0, 2.45, 18.12, 12.72, 0.03, 6.81, -47.90
3/29/2025 21:58:55, 3, 1, 0, 0, 334926172, -820052964, 30, 544, 704380, 0, 1.93, 21.11, 17.65, 0.02, 10.61, -47.90
3/29/2025 21:58:56, 3, 1, 0, 0, 334926217, -820052956, 30, 485, 1067295, 0, 7.57, 3.72, 9.04, -0.03, -1.63, -38.67
3/29/2025 21:58:57, 3, 1, 0, 0, 334926251, -820052947, 30, 358, 1378396, 0, 7.19, 3.26, 4.86, -0.01, -8.93, -38.67
3/29/2025 21:58:58, 3, 1, 0, 0, 334926283, -820052941, 30, 373, 833310, 0, 6.83, 2.96, 3.36, -0.00, -4.98, -38.67
3/29/2025 21:58:59, 3, 1, 0, 0, 334926323, -820052935, 30, 489, 640109, 0, 6.38, 2.67, 3.11, -0.00, -3.30, -38.67
3/29/2025 21:59:0, 3, 1, 0, 0, 334926369, -820052930, 30, 534, 611635, 0, 5.87, 2.45, 3.11, -0.00, -3.01, -38.67
3/29/2025 21:59:1, 3, 1, 0, 0, 334926418, -820052924, 30, 552, 677578, 0, 5.32, 2.10, 3.11, -0.01, -3.67, -38.67
3/29/2025 21:59:2, 3, 1, 0, 0, 334926467, -820052916, 30, 554, 768728, 0, 4.77, 1.45, 3.11, -0.01, -4.58, -38.67
3/29/2025 21:59:3, 3, 1, 0, 0, 334926517, -820052909, 30, 562, 728175, 0, 4.22, 0.76, 3.11, -0.01, -4.18, -38.67
3/29/2025 21:59:4, 3, 1, 0, 0, 334926567, -820052901, 30, 568, 716293, 0, 3.66, 359.71, 3.11, -0.02, -4.06, -38.67
3/29/2025 21:59:5, 3, 1, 0, 0, 334926617, -820052894, 30, 567, 689973, 0, 3.10, 358.46, 3.11, -0.03, -3.79, -38.67
3/29/2025 21:59:6, 3, 1, 0, 0, 334926667, -820052887, 30, 571, 749607, 0, 2.55, 356.67, 3.57, -0.04, -3.93, -42.88
3/29/2025 21:59:7, 3, 1, 0, 0, 334926715, -820052882, 30, 523, 416264, 0, 2.02, 354.47, 357.19, -0.02, 353.03, -42.88
3/29/2025 21:59:8, 3, 1, 0, 0, 334926759, -820052882, 30, 483, 35762692, 0, 1.54, 352.72, 355.88, -0.02, -1.75, -42.88
3/29/2025 21:59:9, 3, 1, 0, 0, 334926805, -820052886, 30, 534, 35542864, 0, 6.85, 333.21, 359.53, -0.15, 4.10, -47.10
3/29/2025 21:59:9, 3, 1, 0, 0, 334926805, -820052886, 30, 534, 35542864, 0, 6.85, 333.21, 336.53, -0.02, -18.90, -47.10
3/29/2025 21:59:13, 3, 1, 0, 0, 334926931, -820052924, 30, 420, 32560410, 0, 5.45, 329.88, 331.35, -0.01, 5.74, -47.10
3/29/2025 21:59:14, 3, 1, 0, 0, 334926966, -820052956, 30, 525, 32251374, 0, 4.97, 330.58, 331.28, -0.00, 8.77, -47.10
3/29/2025 21:59:15, 3, 1, 0, 0, 334927005, -820052992, 30, 558, 32253596, 0, 4.43, 331.59, 331.28, 0.00, 8.75, -47.10
3/29/2025 21:59:16, 3, 1, 0, 0, 334927045, -820053030, 30, 576, 32287408, 0, 3.87, 333.05, 331.28, 0.01, 8.41, -47.10
3/29/2025 21:59:17, 3, 1, 0, 0, 334927087, -820053066, 30, 577, 32417682, 0, 3.30, 334.54, 331.28, 0.02, 7.11, -47.10
3/29/2025 21:59:18, 3, 1, 0, 0, 334927129, -820053103, 30, 583, 32447018, 0, 2.73, 336.83, 331.28, 0.03, 6.81, -47.10
3/29/2025 21:59:19, 3, 1, 0, 0, 334927165, -820053137, 30, 489, 32203856, 0, 2.25, 340.21, 336.47, 0.02, 14.43, -47.10
3/29/2025 21:59:20, 3, 1, 0, 0, 334927203, -820053164, 31, 501, 33115942, 0, 1.77, 343.21, 334.31, 0.05, 3.15, -42.00
3/29/2025 21:59:21, 3, 1, 0, 0, 334927239, -820053189, 31, 454, 32928918, 0, 6.46, 310.90, 339.85, -0.16, 10.56, -38.85
3/29/2025 21:59:21, 3, 1, 0, 0, 334927239, -820053189, 31, 454, 32928918, 0, 6.46, 310.90, 314.28, -0.02, -15.00, -38.85
3/29/2025 21:59:25, 3, 1, 0, 0, 334927348, -820053268, 31, 470, 30931862, 0, 5.13, 306.02, 307.78, -0.01, -1.53, -38.85
3/29/2025 21:59:26, 3, 1, 0, 0, 334927376, -820053313, 31, 539, 30698818, 0, 4.61, 305.94, 307.28, -0.01, 0.30, -38.85
3/29/2025 21:59:27, 3, 1, 0, 0, 334927406, -820053361, 31, 577, 30785580, 0, 4.05, 305.81, 307.41, -0.01, -0.45, -38.85
3/29/2025 21:59:28, 3, 1, 0, 0, 334927438, -820053410, 31, 585, 30846244, 0, 3.47, 305.44, 307.47, -0.01, -0.99, -38.85
3/29/2025 21:59:29, 3, 1, 0, 0, 334927471, -820053459, 31, 589, 30905040, 0, 2.89, 304.73, 307.47, -0.02, -1.58, -38.85
3/29/2025 21:59:30, 3, 1, 0, 0, 334927504, -820053508, 31, 597, 30933670, 0, 2.31, 303.67, 307.47, -0.02, -1.86, -38.85
3/29/2025 21:59:31, 3, 1, 0, 0, 334927536, -820053557, 31, 574, 30800602, 0, 1.73, 302.21, 305.78, -0.02, -2.22, -38.85
3/29/2025 21:59:32, 3, 1, 0, 0, 334927561, -820053599, 31, 441, 30638100, 0, 7.50, 275.88, 306.89, -0.17, 0.51, -40.26
3/29/2025 21:59:32, 3, 1, 0, 0, 334927561, -820053599, 31, 441, 30638100, 0, 7.50, 275.88, 279.33, -0.02, -27.06, -40.26
3/29/2025 21:59:35, 3, 1, 0, 0, 334927608, -820053705, 31, 384, 28338600, 0, 6.48, 272.16, 273.45, -0.01, -9.94, -40.26
3/29/2025 21:59:36, 3, 1, 0, 0, 334927612, -820053757, 31, 528, 27351922, 0, 6.00, 271.91, 273.26, -0.01, -0.26, -40.26
3/29/2025 21:59:37, 3, 1, 0, 0, 334927615, -820053817, 31, 578, 27462742, 0, 5.44, 271.76, 273.26, -0.01, -1.36, -40.26
3/29/2025 21:59:38, 3, 1, 0, 0, 334927620, -820053881, 31, 605, 27587072, 0, 4.84, 271.32, 273.26, -0.01, -2.61, -40.26
3/29/2025 21:59:39, 3, 1, 0, 0, 334927626, -820053946, 31, 612, 27764036, 0, 4.24, 270.60, 273.26, -0.01, -4.38, -40.26
3/29/2025 21:59:40, 3, 1, 0, 0, 334927634, -820054012, 31, 616, 27853006, 0, 3.63, 269.30, 273.26, -0.02, -5.27, -40.26
3/29/2025 21:59:41, 3, 1, 0, 0, 334927642, -820054078, 31, 615, 27991250, 0, 3.02, 267.46, 271.08, -0.02, -8.84, -40.26
3/29/2025 21:59:42, 3, 1, 0, 0, 334927650, -820054141, 31, 602, 27823682, 0, 2.44, 264.77, 275.55, -0.06, -2.69, -46.80
3/29/2025 21:59:43, 3, 1, 0, 0, 334927656, -820054204, 31, 583, 27591930, 0, 1.87, 261.10, 267.30, -0.03, -8.62, -46.80
3/29/2025 21:59:44, 3, 1, 0, 0, 334927657, -820054259, 31, 478, 27074334, 0, 8.67, 254.30, 266.14, -0.07, -4.60, -52.45
3/29/2025 21:59:45, 3, 1, 0, 0, 334927654, -820054303, 31, 388, 26337190, 0, 8.27, 253.76, 257.70, -0.02, -5.67, -52.45
3/29/2025 21:59:46, 3, 1, 0, 0, 334927651, -820054339, 31, 373, 26180976, 0, 7.94, 253.31, 252.89, 0.00, -8.92, -52.45
3/29/2025 21:59:47, 3, 1, 0, 0, 334927639, -820054384, 31, 524, 25045294, 0, 7.50, 253.37, 252.77, 0.00, 2.31, -52.45
3/29/2025 21:59:48, 3, 1, 0, 0, 334927623, -820054437, 31, 569, 25161860, 0, 6.98, 253.62, 252.77, 0.00, 1.15, -52.45
3/29/2025 21:59:49, 3, 1, 0, 0, 334927608, -820054493, 31, 588, 25253684, 0, 6.44, 253.74, 252.77, 0.01, 0.23, -52.45
3/29/2025 21:59:50, 3, 1, 0, 0, 334927594, -820054552, 31, 598, 25404044, 0, 5.87, 253.70, 252.77, 0.01, -1.27, -52.45
3/29/2025 21:59:51, 3, 1, 0, 0, 334927580, -820054611, 31, 600, 25512386, 0, 5.30, 253.66, 252.77, 0.00, -2.36, -52.45
3/29/2025 21:59:52, 3, 1, 0, 0, 334927567, -820054672, 31, 601, 25636192, 0, 4.71, 253.41, 252.77, 0.00, -3.60, -52.45
3/29/2025 21:59:53, 3, 1, 0, 0, 334927555, -820054733, 31, 598, 25737790, 0, 4.13, 252.94, 252.77, 0.00, -4.61, -52.45
3/29/2025 21:59:54, 3, 1, 0, 0, 334927544, -820054796, 31, 613, 25872492, 0, 3.54, 252.06, 252.77, -0.00, -5.96, -52.45
3/29/2025 21:59:55, 3, 1, 0, 0, 334927534, -820054859, 31, 607, 26024510, 0, 2.95, 250.62, 255.79, -0.03, -4.45, -55.48
3/29/2025 21:59:56, 3, 1, 0, 0, 334927527, -820054923, 31, 615, 26225116, 0, 2.37, 247.63, 251.23, -0.02, -11.02, -55.48
3/29/2025 21:59:57, 3, 1, 0, 0, 334927518, -820054983, 31, 557, 25901528, 0, 1.82, 243.87, 250.36, -0.04, -8.66, -55.48
3/29/2025 21:59:58, 3, 1, 0, 0, 334927507, -820055044, 31, 595, 25848648, 0, 8.10, 228.27, 252.21, -0.13, -6.27, -63.53
3/29/2025 21:59:59, 3, 1, 0, 0, 334927497, -820055095, 31, 456, 25646260, 0, 7.68, 226.54, 231.59, -0.03, -24.88, -63.53
3/29/2025 22:0:1, 3, 1, 0, 0, 334927476, -820055170, 31, 340, 24522308, 0, 7.02, 224.02, 224.65, -0.00, -20.57, -63.53
3/29/2025 22:0:2, 3, 1, 0, 0, 334927452, -820055208, 31, 490, 23041928, 0, 6.59, 223.42, 223.96, -0.00, -6.46, -63.53
3/29/2025 22:0:3, 3, 1, 0, 0, 334927421, -820055253, 31, 557, 22998780, 0, 6.05, 222.80, 223.96, -0.01, -6.03, -63.53
3/29/2025 22:0:4, 3, 1, 0, 0, 334927387, -820055301, 31, 583, 23038818, 0, 5.47, 222.07, 223.96, -0.01, -6.43, -63.53
3/29/2025 22:0:5, 3, 1, 0, 0, 334927354, -820055350, 31, 590, 23128244, 0, 4.89, 220.99, 223.96, -0.02, -7.32, -63.53
3/29/2025 22:0:6, 3, 1, 0, 0, 334927321, -820055402, 31, 599, 23335296, 0, 4.30, 219.35, 223.96, -0.03, -9.39, -63.53
3/29/2025 22:0:7, 3, 1, 0, 0, 334927289, -820055454, 31, 599, 23454264, 0, 3.72, 217.08, 220.21, -0.02, -14.33, -63.53
3/29/2025 22:0:8, 3, 1, 0, 0, 334927257, -820055504, 31, 565, 23244382, 0, 3.16, 214.27, 219.46, -0.03, -12.98, -63.53
3/29/2025 22:0:9, 3, 1, 0, 0, 334927226, -820055553, 31, 570, 23342126, 0, 2.63, 210.31, 226.41, -0.09, -7.01, -74.98
3/29/2025 22:0:10, 3, 1, 0, 0, 334927194, -820055599, 31, 552, 22934710, 0, 2.11, 205.19, 213.73, -0.05, -15.62, -74.98
3/29/2025 22:0:12, 3, 1, 0, 0, 334927134, -820055666, 31, 441, 21603084, 0, 1.28, 192.59, 204.79, -0.07, -11.24, -74.98
3/29/2025 22:0:13, 3, 1, 0, 0, 334927100, -820055690, 31, 439, 21000364, 0, 8.05, 224.75, 206.27, 0.10, -3.74, -86.27
3/29/2025 22:0:14, 3, 1, 0, 0, 334927076, -820055700, 31, 236, 19324576, 0, 7.80, 225.65, 221.52, 0.02, 28.27, -86.27
3/29/2025 22:0:15, 3, 1, 0, 0, 334927058, -820055707, 31, 195, 20117560, 0, 7.61, 226.38, 230.02, -0.02, 28.84, -86.27
3/29/2025 22:0:16, 3, 1, 0, 0, 334927033, -820055732, 31, 411, 22467910, 0, 7.25, 226.71, 228.58, -0.01, 3.90, -86.27
3/29/2025 22:0:17, 3, 1, 0, 0, 334927000, -820055763, 31, 483, 22587686, 0, 6.79, 227.30, 228.02, -0.00, 2.14, -86.27
3/29/2025 22:0:18, 3, 1, 0, 0, 334926955, -820055804, 31, 546, 23047622, 0, 6.17, 228.32, 227.52, 0.00, -2.96, -86.27
3/29/2025 22:0:19, 3, 1, 0, 0, 334926912, -820055852, 31, 565, 23113384, 0, 5.52, 228.96, 227.52, 0.01, -3.62, -86.27
3/29/2025 22:0:20, 3, 1, 0, 0, 334926869, -820055902, 31, 576, 23093760, 0, 4.86, 229.62, 227.52, 0.01, -3.42, -86.27
3/29/2025 22:0:21, 3, 1, 0, 0, 334926830, -820055953, 31, 578, 23333948, 0, 4.22, 229.94, 227.52, 0.01, -5.82, -86.27
3/29/2025 22:0:22, 3, 1, 0, 0, 334926790, -820056005, 31, 584, 23359812, 0, 3.56, 230.43, 227.52, 0.02, -6.08, -86.27
3/29/2025 22:0:23, 3, 1, 0, 0, 334926752, -820056058, 31, 595, 23509798, 0, 2.91, 230.68, 227.52, 0.02, -7.58, -86.27
3/29/2025 22:0:24, 3, 1, 0, 0, 334926717, -820056112, 31, 600, 23611802, 0, 2.28, 230.27, 224.94, 0.03, -11.18, -83.69
3/29/2025 22:0:25, 3, 1, 0, 0, 334926685, -820056167, 31, 601, 23717942, 0, 1.66, 228.46, 229.88, -0.01, -7.30, -83.69
3/29/2025 22:0:26, 3, 1, 0, 0, 334926658, -820056215, 31, 537, 24159890, 0, 8.72, 199.91, 239.62, -0.22, -1.98, -92.93
3/29/2025 22:0:26, 3, 1, 0, 0, 334926658, -820056215, 31, 537, 24159890, 0, 8.72, 199.91, 203.37, -0.02, -38.23, -92.93
3/29/2025 22:0:30, 3, 1, 0, 0, 334926603, -820056345, 31, 312, 22665422, 0, 7.79, 193.08, 195.87, -0.02, -30.79, -92.93
4/8/21438 0:0:15, 97, 0, 0, 63, 0, 1643155131, 98, 0, 1071644672, 446726336, 12186836.54, 54.15, 194.49, -0.78, -10521.95, -92.93
4/8/21442 0:0:15, 129, 0, 0, 86, 1090021888, 0, 0, 1202590843, 1064598241, -2147483632, 6790747.83, 250.69, 193.74, 0.32, -10452.24, -92.93
3/29/2025 22:0:34, 3, 1, 0, 0, 334926463, -820056433, 31, 322, 20763830, 0, 6.10, 188.92, 193.68, -0.03, -13.96, -92.93
3/29/2025 22:0:35, 3, 1, 0, 0, 334926437, -820056450, 31, 313, 20894926, 0, 5.79, 187.82, 190.12, -0.01, -18.83, -92.93
3/29/2025 22:0:36, 3, 1, 0, 0, 334926402, -820056469, 31, 486, 20393054, 0, 5.38, 186.53, 189.18, -0.01, -14.75, -92.93
3/29/2025 22:0:37, 3, 1, 0, 0, 334926360, -820056492, 31, 540, 20389976, 0, 4.90, 184.67, 208.92, -0.13, 5.02, -112.67
3/29/2025 22:0:38, 3, 1, 0, 0, 334926323, -820056512, 31, 431, 20616148, 0, 4.48, 182.73, 188.05, -0.03, -18.11, -112.67
3/29/2025 22:0:40, 3, 1, 0, 0, 334926250, -820056530, 31, 445, 18011554, 0, 3.66, 180.73, 180.80, -0.00, 0.68, -112.67
3/29/2025 22:0:41, 3, 1, 0, 0, 334926206, -820056528, 31, 525, 17724428, 0, 3.17, 181.17, 179.80, 0.01, 2.55, -112.67
3/29/2025 22:0:42, 3, 1, 0, 0, 334926157, -820056524, 31, 546, 17695542, 0, 2.63, 182.23, 179.80, 0.01, 2.84, -112.67
3/29/2025 22:0:43, 3, 1, 0, 0, 334926106, -820056522, 31, 558, 17764962, 0, 2.06, 183.35, 179.80, 0.02, 2.15, -112.67
3/29/2025 22:0:44, 3, 1, 0, 0, 334926055, -820056522, 31, 568, 17868150, 0, 1.50, 184.63, 179.80, 0.03, 1.12, -112.67
3/29/2025 22:0:45, 3, 1, 0, 0, 334926012, -820056523, 31, 425, 18216034, 0, 8.97, 175.01, 184.92, -0.06, 2.76, -113.17
3/29/2025 22:0:46, 3, 1, 0, 0, 334925979, -820056528, 31, 333, 18926234, 0, 8.60, 174.49, 178.42, -0.02, -10.84, -113.17
3/29/2025 22:0:47, 3, 1, 0, 0, 334925945, -820056529, 31, 411, 17692356, 0, 8.23, 174.18, 172.67, 0.01, -4.25, -113.17
3/29/2025 22:0:48, 3, 1, 0, 0, 334925902, -820056522, 31, 510, 17115650, 0, 7.75, 174.30, 172.11, 0.01, 0.95, -113.17
3/29/2025 22:0:49, 3, 1, 0, 0, 334925857, -820056513, 31, 554, 17203026, 0, 7.24, 174.56, 172.11, 0.01, 0.08, -113.17
3/29/2025 22:0:50, 3, 1, 0, 0, 334925809, -820056505, 31, 555, 17241020, 0, 6.70, 174.76, 172.11, 0.01, -0.30, -113.17
3/29/2025 22:0:51, 3, 1, 0, 0, 334925760, -820056498, 31, 560, 17326740, 0, 6.15, 174.90, 172.11, 0.02, -1.16, -113.17
3/29/2025 22:0:52, 3, 1, 0, 0, 334925711, -820056492, 31, 566, 17350928, 0, 5.61, 174.97, 172.11, 0.02, -1.40, -113.17
3/29/2025 22:0:53, 3, 1, 0, 0, 334925661, -820056485, 31, 569, 17400672, 0, 5.05, 175.15, 172.11, 0.02, -1.90, -113.17
3/29/2025 22:0:54, 3, 1, 0, 0, 334925610, -820056479, 31, 571, 17415886, 0, 4.48, 175.24, 172.11, 0.02, -2.05, -113.17
3/29/2025 22:0:55, 3, 1, 0, 0, 334925557, -820056473, 31, 571, 17503070, 0, 3.88, 175.34, 172.11, 0.02, -2.92, -113.17
3/29/2025 22:0:56, 3, 1, 0, 0, 334925505, -820056469, 31, 570, 17573758, 0, 3.30, 175.17, 174.02, 0.01, -1.72, -115.08
3/29/2025 22:0:57, 3, 1, 0, 0, 334925453, -820056465, 31, 568, 17693590, 0, 2.72, 174.92, 174.02, 0.01, -2.92, -115.08
3/29/2025 22:0:58, 3, 1, 0, 0, 334925400, -820056462, 31, 573, 17732142, 0, 2.14, 174.27, 174.02, 0.00, -3.30, -115.08
3/29/2025 22:0:59, 3, 1, 0, 0, 334925348, -820056460, 31, 568, 17862828, 0, 1.56, 172.82, 174.02, -0.01, -4.61, -115.08
3/29/2025 22:1:0, 3, 1, 0, 0, 334925301, -820056460, 31, 494, 17988874, 0, 8.84, 139.94, 177.09, -0.21, -2.80, -118.22
3/29/2025 22:1:0, 3, 1, 0, 0, 334925301, -820056460, 31, 494, 17988874, 0, 8.84, 139.94, 143.28, -0.02, -36.61, -118.22
3/29/2025 22:1:4, 3, 1, 0, 0, 334925183, -820056439, 31, 388, 14473566, 0, 7.74, 134.78, 136.03, -0.01, -8.70, -118.22
3/29/2025 22:1:5, 3, 1, 0, 0, 334925153, -820056408, 31, 492, 13777072, 0, 7.30, 134.52, 134.66, -0.00, -3.11, -118.22
3/29/2025 22:1:6, 3, 1, 0, 0, 334925119, -820056371, 31, 523, 13698442, 0, 6.79, 134.27, 134.47, -0.00, -2.52, -118.22
3/29/2025 22:1:7, 3, 1, 0, 0, 334925083, -820056332, 31, 541, 13682730, 0, 6.25, 133.96, 134.47, -0.00, -2.36, -118.22
3/29/2025 22:1:8, 3, 1, 0, 0, 334925047, -820056294, 31, 540, 13765514, 0, 5.72, 133.52, 134.47, -0.01, -3.19, -118.22
3/29/2025 22:1:9, 3, 1, 0, 0, 334925010, -820056254, 31, 551, 13680682, 0, 5.17, 133.04, 134.47, -0.01, -2.34, -118.22
3/29/2025 22:1:10, 3, 1, 0, 0, 334924973, -820056214, 31, 547, 13590422, 0, 4.61, 132.45, 134.47, -0.01, -1.44, -118.22
3/29/2025 22:1:11, 3, 1, 0, 0, 334924938, -820056172, 31, 552, 13473816, 0, 4.06, 132.11, 141.33, -0.05, 6.59, -125.08
3/29/2025 22:1:12, 3, 1, 0, 0, 334924904, -820056135, 31, 483, 13774396, 0, 3.56, 131.30, 133.71, -0.01, -4.04, -125.08
3/29/2025 22:1:13, 3, 1, 0, 0, 334924878, -820056095, 31, 501, 12417668, 0, 3.09, 131.81, 131.39, 0.00, 7.22, -125.08
3/29/2025 22:1:14, 3, 1, 0, 0, 334924853, -820056047, 31, 534, 12168090, 0, 2.57, 133.81, 131.21, 0.01, 9.53, -125.08
3/29/2025 22:1:15, 3, 1, 0, 0, 334924826, -820055995, 31, 546, 12110100, 0, 2.02, 137.14, 131.21, 0.03, 10.11, -125.08
3/29/2025 22:1:16, 3, 1, 0, 0, 334924804, -820055947, 31, 480, 11672414, 0, 1.54, 143.08, 137.27, 0.03, 20.55, -125.08
3/29/2025 22:1:17, 3, 1, 0, 0, 334924781, -820055906, 31, 432, 12435822, 0, 10.27, 99.79, 135.26, -0.20, 10.90, -116.76
3/29/2025 22:1:17, 3, 1, 0, 0, 334924781, -820055906, 31, 432, 12435822, 0, 10.27, 99.79, 103.26, -0.02, -21.10, -116.76
3/29/2025 22:1:21, 3, 1, 0, 0, 334924719, -820055789, 31, 339, 9462730, 0, 9.10, 96.67, 97.44, -0.00, 2.82, -116.76
3/29/2025 22:1:22, 3, 1, 0, 0, 334924719, -820055741, 31, 484, 8594516, 0, 8.65, 97.01, 97.51, -0.00, 11.56, -116.76
3/29/2025 22:1:23, 3, 1, 0, 0, 334924720, -820055684, 31, 536, 8624260, 0, 8.13, 97.55, 97.82, -0.00, 11.58, -116.76
3/29/2025 22:1:24, 3, 1, 0, 0, 334924723, -820055624, 31, 556, 8605504, 0, 7.58, 98.35, 98.44, -0.00, 12.39, -116.76
3/29/2025 22:1:25, 3, 1, 0, 0, 334924725, -820055565, 31, 558, 8790504, 0, 7.05, 99.17, 98.44, 0.00, 10.54, -116.76
3/29/2025 22:1:26, 3, 1, 0, 0, 334924727, -820055505, 31, 560, 8752492, 0, 6.50, 100.15, 98.44, 0.01, 10.92, -116.76
3/29/2025 22:1:27, 3, 1, 0, 0, 334924729, -820055446, 31, 555, 8679172, 0, 5.97, 101.28, 98.44, 0.02, 11.65, -116.76
3/29/2025 22:1:28, 3, 1, 0, 0, 334924732, -820055386, 31, 558, 8719222, 0, 5.43, 102.78, 91.52, 0.06, 4.33, -109.83
3/29/2025 22:1:29, 3, 1, 0, 0, 334924735, -820055328, 31, 547, 8562628, 0, 4.92, 104.54, 100.83, 0.02, 15.21, -109.83
3/29/2025 22:1:30, 3, 1, 0, 0, 334924733, -820055281, 31, 398, 9604364, 0, 4.49, 105.67, 105.58, 0.00, 9.54, -109.83
3/29/2025 22:1:31, 3, 1, 0, 0, 334924724, -820055231, 31, 500, 10176412, 0, 4.02, 106.08, 106.02, 0.00, 4.25, -109.83
3/29/2025 22:1:32, 3, 1, 0, 0, 334924712, -820055175, 31, 538, 10253838, 0, 3.48, 106.34, 105.96, 0.00, 3.42, -109.83
3/29/2025 22:1:33, 3, 1, 0, 0, 334924701, -820055119, 31, 549, 10186372, 0, 2.95, 106.89, 105.96, 0.01, 4.09, -109.83
3/29/2025 22:1:34, 3, 1, 0, 0, 334924691, -820055061, 31, 553, 10098014, 0, 2.40, 108.09, 105.96, 0.01, 4.98, -109.83
3/29/2025 22:1:35, 3, 1, 0, 0, 334924682, -820055003, 31, 551, 9955190, 0, 1.86, 110.30, 105.96, 0.02, 6.40, -109.83
3/29/2025 22:1:36, 3, 1, 0, 0, 334924674, -820054946, 31, 542, 9796066, 0, 8.91, 78.70, 102.50, -0.13, 4.54, -103.31
3/29/2025 22:1:36, 3, 1, 0, 0, 334924674, -820054946, 31, 542, 9796066, 0, 8.91, 78.70, 82.12, -0.02, -15.84, -103.31
3/29/2025 22:1:39, 3, 1, 0, 0, 334924664, -820054837, 31, 306, 8389282, 0, 7.95, 76.48, 76.56, -0.00, -7.33, -103.31
3/29/2025 22:1:40, 3, 1, 0, 0, 334924675, -820054794, 31, 468, 7071163, 0, 7.53, 76.68, 76.50, 0.00, 5.78, -103.31
3/29/2025 22:1:41, 3, 1, 0, 0, 334924691, -820054744, 31, 521, 6972973, 0, 7.04, 77.22, 76.50, 0.00, 6.77, -103.31
3/29/2025 22:1:42, 3, 1, 0, 0, 334924708, -820054690, 31, 541, 6958259, 0, 6.51, 77.87, 76.75, 0.01, 7.16, -103.31
3/29/2025 22:1:43, 3, 1, 0, 0, 334924724, -820054634, 31, 546, 6997219, 0, 5.96, 78.49, 76.75, 0.01, 6.77, -103.31
3/29/2025 22:1:44, 3, 1, 0, 0, 334924741, -820054579, 31, 552, 6999966, 0, 5.43, 79.37, 76.75, 0.01, 6.75, -103.31
3/29/2025 22:1:45, 3, 1, 0, 0, 334924757, -820054522, 31, 561, 7013950, 0, 4.87, 80.28, 76.75, 0.02, 6.61, -103.31
3/29/2025 22:1:46, 3, 1, 0, 0, 334924775, -820054465, 31, 567, 6964735, 0, 4.32, 81.71, 76.75, 0.03, 7.10, -103.31
3/29/2025 22:1:47, 3, 1, 0, 0, 334924792, -820054407, 31, 563, 6903684, 0, 3.76, 83.38, 78.19, 0.03, 9.16, -100.44
3/29/2025 22:1:48, 3, 1, 0, 0, 334924805, -820054353, 31, 521, 7418344, 0, 3.25, 84.90, 82.94, 0.01, 8.76, -100.44
3/29/2025 22:1:49, 3, 1, 0, 0, 334924815, -820054301, 31, 503, 8011906, 0, 2.76, 86.30, 83.94, 0.01, 3.82, -100.44
3/29/2025 22:1:50, 3, 1, 0, 0, 334924821, -820054245, 31, 544, 8158279, 0, 2.24, 87.15, 84.07, 0.02, 2.48, -100.44
3/29/2025 22:1:51, 3, 1, 0, 0, 334924827, -820054187, 31, 561, 8229944, 0, 1.70, 88.50, 84.07, 0.02, 1.77, -100.44
3/29/2025 22:1:52, 3, 1, 0, 0, 334924833, -820054128, 31, 562, 8258456, 0, 7.15, 55.38, 82.31, -0.15, -0.28, -95.24
3/29/2025 22:1:52, 3, 1, 0, 0, 334924833, -820054128, 31, 562, 8258456, 0, 7.15, 55.38, 58.68, -0.02, -23.90, -95.24
3/29/2025 22:1:56, 3, 1, 0, 0, 334924856, -820053974, 31, 412, 5939545, 0, 5.86, 49.49, 51.68, -0.01, -7.71, -95.24
3/29/2025 22:1:57, 3, 1, 0, 0, 334924882, -820053933, 31, 496, 5326644, 0, 5.38, 49.20, 51.12, -0.01, -2.15, -95.24
3/29/2025 22:1:58, 3, 1, 0, 0, 334924909, -820053888, 31, 530, 5500207, 0, 4.87, 48.67, 51.12, -0.01, -3.88, -95.24
3/29/2025 22:1:59, 3, 1, 0, 0, 334924936, -820053841, 31, 547, 5673488, 0, 4.34, 47.84, 51.12, -0.02, -5.62, -95.24
3/29/2025 22:2:0, 3, 1, 0, 0, 334924962, -820053791, 31, 537, 5860385, 0, 3.81, 46.38, 51.06, -0.03, -7.55, -95.24
3/29/2025 22:2:1, 3, 1, 0, 0, 334924987, -820053747, 31, 483, 5581034, 0, 3.32, 45.00, 47.43, -0.01, -8.38, -95.24
3/29/2025 22:2:2, 3, 1, 0, 0, 334925015, -820053702, 31, 528, 5366166, 0, 2.80, 43.47, 46.87, -0.02, -6.79, -95.24
3/29/2025 22:2:3, 3, 1, 0, 0, 334925045, -820053656, 31, 540, 5214554, 0, 2.27, 41.44, 54.02, -0.07, 1.88, -102.58
3/29/2025 22:2:4, 3, 1, 0, 0, 334925070, -820053615, 31, 440, 5511040, 0, 1.81, 38.25, 44.90, -0.04, -10.21, -102.58
3/29/2025 22:2:5, 3, 1, 0, 0, 334925095, -820053583, 31, 395, 4355509, 0, 11.53, 110.79, 41.44, 0.39, -2.11, -106.75
3/29/2025 22:2:5, 3, 1, 0, 0, 334925095, -820053583, 31, 395, 4355509, 0, 11.53, 110.79, 107.57, 0.02, 64.01, -106.75
3/29/2025 22:2:10, 3, 1, 0, 0, 334925149, -820053519, 31, 149, 11206570, 0, 11.21, 114.74, 118.50, -0.02, 6.44, -106.75
3/29/2025 22:2:11, 3, 1, 0, 0, 334925136, -820053493, 31, 348, 12081800, 0, 10.93, 114.58, 116.88, -0.01, -3.94, -106.75
3/29/2025 22:2:12, 3, 1, 0, 0, 334925121, -820053453, 31, 435, 11271432, 0, 10.53, 114.60, 117.25, -0.01, 4.54, -106.75
3/29/2025 22:2:13, 3, 1, 0, 0, 334925104, -820053407, 31, 488, 11463572, 0, 10.06, 114.63, 117.25, -0.01, 2.62, -106.75
3/29/2025 22:2:14, 3, 1, 0, 0, 334925084, -820053357, 31, 521, 11662582, 0, 9.55, 114.58, 117.25, -0.01, 0.63, -106.75
3/29/2025 22:2:15, 3, 1, 0, 0, 334925063, -820053306, 31, 540, 11636974, 0, 9.02, 114.48, 108.05, 0.04, -8.32, -97.55
3/29/2025 22:2:16, 3, 1, 0, 0, 334925043, -820053254, 31, 534, 11410856, 0, 8.49, 114.46, 114.61, -0.00, 0.50, -97.55
3/29/2025 22:2:17, 3, 1, 0, 0, 334925021, -820053208, 31, 487, 12309166, 0, 8.00, 114.13, 116.30, -0.01, -6.79, -97.55
3/29/2025 22:2:18, 3, 1, 0, 0, 334924995, -820053163, 31, 524, 12535050, 0, 7.50, 113.42, 116.42, -0.02, -8.93, -97.55
3/29/2025 22:2:19, 3, 1, 0, 0, 334924968, -820053116, 31, 538, 12433376, 0, 6.98, 112.58, 116.42, -0.02, -7.91, -97.55
3/29/2025 22:2:20, 3, 1, 0, 0, 334924940, -820053069, 31, 545, 12668558, 0, 6.46, 111.51, 114.11, -0.01, -12.57, -97.55
3/29/2025 22:2:21, 3, 1, 0, 0, 334924913, -820053021, 31, 540, 12295000, 0, 5.94, 110.39, 113.61, -0.02, -9.34, -97.55
3/29/2025 22:2:22, 3, 1, 0, 0, 334924887, -820052972, 31, 544, 12165478, 0, 5.41, 109.20, 113.55, -0.02, -8.11, -97.55
3/29/2025 22:2:23, 3, 1, 0, 0, 334924861, -820052924, 31, 544, 12332912, 0, 4.90, 107.72, 110.30, -0.01, -13.03, -97.55
3/29/2025 22:2:24, 3, 1, 0, 0, 334924838, -820052874, 31, 537, 11770386, 0, 4.38, 106.37, 110.11, -0.02, -7.59, -97.55
3/29/2025 22:2:25, 3, 1, 0, 0, 334924815, -820052823, 31, 549, 11980784, 0, 3.86, 104.71, 116.20, -0.06, -3.61, -105.76
3/29/2025 22:2:26, 3, 1, 0, 0, 334924792, -820052772, 31, 538, 11671184, 0, 3.34, 102.52, 107.82, -0.03, -8.89, -105.76
3/29/2025 22:2:27, 3, 1, 0, 0, 334924777, -820052726, 31, 432, 11075742, 0, 2.88, 101.12, 101.76, -0.00, -9.00, -105.76
3/29/2025 22:2:28, 3, 1, 0, 0, 334924766, -820052676, 31, 508, 10147090, 0, 2.40, 100.39, 100.95, -0.00, -0.52, -105.76
3/29/2025 22:2:29, 3, 1, 0, 0, 334924758, -820052620, 31, 538, 10080712, 0, 1.88, 100.58, 100.89, -0.00, 0.08, -105.76
3/29/2025 22:2:30, 3, 1, 0, 0, 334924749, -820052564, 31, 548, 10118290, 0, 1.20, 95.31, 355.25, 0.56, 254.07, 0.00
3/29/2025 22:2:30, 3, 1, 0, 0, 334924749, -820052564, 31, 548, 10118290, 0, 9.97, 300.07, 197.81, 0.57, 96.63, -105.93
