Time, fixType, gnssFixOk, headVehValid, invalid_llh, Lat, Lon, SIV, groundSpeed, headingMotion, headingVehicle, distanceBetween, targetHeading, currentHeading, headingError, gpsError, averageGPSError
4/8/21442 0:0:15, 97, 0, 0, 0, 0, 0, 0, 0, 0, 0, 9269521.42, 303.75, 332.56, -0.16, 332.56, 0.00
3/29/2025 23:9:15, 3, 0, 0, 0, 334921355, -820055227, 4, 251, 32352904, 0, 45.69, 34.53, 332.56, 0.34, 9.03, 0.00
3/29/2025 23:9:16, 3, 0, 0, 0, 334921400, -820055191, 4, 247, 32162074, 0, 45.09, 34.54, 332.56, 0.34, 10.94, 0.00
3/29/2025 23:9:17, 3, 0, 0, 0, 334921462, -820055131, 4, 211, 32162074, 0, 44.20, 34.45, 332.56, 0.34, 10.94, 0.00
3/29/2025 23:9:18, 3, 1, 0, 0, 334921496, -820055102, 5, 199, 31696800, 0, 43.74, 34.44, 332.56, 0.34, 15.59, 0.00
3/29/2025 23:9:18, 3, 1, 0, 0, 334921496, -820055102, 5, 199, 31696800, 0, 43.74, 34.44, 31.25, 0.02, -285.72, 0.00
3/29/2025 23:9:23, 3, 1, 0, 0, 334921595, -820055058, 5, 207, 2741339, 0, 42.60, 34.83, 42.38, -0.04, 14.96, 0.00
4/8/21438 0:0:15, 97, 238, 204, 200, 1056570517, 0, 0, 0, -1067024384, 1484, 6673218.07, 252.49, 307.75, -0.31, 10977.99, 0.00
4/8/21438 0:0:15, 97, 238, 204, 200, 1056570517, 0, 0, 0, -1067024384, 1484, 6673218.07, 252.49, 204.10, 0.27, 10874.34, 51.78
4/8/21438 0:0:15, 97, 238, 204, 200, 1056570517, 0, 0, 0, -1067024384, 1484, 6673218.07, 252.49, 249.10, 0.02, 10919.34, 51.78
3/29/2025 23:9:46, 3, 1, 0, 0, 334925099, -820051586, 25, 319, 30055770, 0, 8.83, 243.05, 260.10, -0.09, -40.46, 51.78
3/29/2025 23:9:47, 3, 1, 0, 0, 334925119, -820051610, 25, 325, 30816524, 0, 8.74, 241.09, 246.47, -0.03, -61.69, 51.78
3/29/2025 23:9:48, 3, 1, 0, 0, 334925137, -820051633, 26, 302, 29944170, 0, 8.66, 239.24, 241.22, -0.01, -58.22, 51.78
3/29/2025 23:9:49, 3, 1, 0, 0, 334925151, -820051671, 28, 443, 28585378, 0, 8.44, 237.11, 241.04, -0.02, -44.82, 51.78
3/29/2025 23:9:50, 3, 1, 0, 0, 334925167, -820051720, 28, 526, 28583856, 0, 8.16, 234.33, 239.22, -0.03, -46.61, 51.78
3/29/2025 23:9:51, 3, 1, 0, 0, 334925181, -820051770, 28, 517, 28182954, 0, 7.89, 231.45, 235.47, -0.02, -46.36, 51.78
3/29/2025 23:9:52, 3, 1, 0, 0, 334925191, -820051819, 28, 495, 27840748, 0, 7.61, 228.66, 269.88, -0.23, -8.53, 15.12
3/29/2025 23:9:52, 3, 1, 0, 0, 334925191, -820051819, 28, 495, 27840748, 0, 7.61, 228.66, 232.13, -0.02, -46.28, 15.12
3/29/2025 23:9:57, 3, 1, 0, 0, 334925185, -820052022, 28, 424, 23624354, 0, 6.27, 217.68, 226.07, -0.05, -10.18, 15.12
3/29/2025 23:9:58, 3, 1, 0, 0, 334925163, -820052055, 28, 400, 23162910, 0, 5.89, 216.78, 219.01, -0.01, -12.62, 15.12
3/29/2025 23:9:59, 3, 1, 0, 0, 334925133, -820052088, 28, 501, 22215376, 0, 5.44, 216.30, 217.63, -0.01, -4.52, 15.12
3/29/2025 23:10:0, 3, 1, 0, 0, 334925100, -820052124, 28, 531, 22307586, 0, 4.94, 215.70, 217.69, -0.01, -5.38, 15.12
3/29/2025 23:10:1, 3, 1, 0, 0, 334925066, -820052161, 28, 543, 22323462, 0, 4.44, 214.95, 217.76, -0.02, -5.48, 15.12
3/29/2025 23:10:2, 3, 1, 0, 0, 334925031, -820052201, 28, 555, 22516202, 0, 3.91, 213.76, 217.76, -0.02, -7.41, 15.12
3/29/2025 23:10:3, 3, 1, 0, 0, 334924998, -820052238, 28, 514, 22423872, 0, 3.41, 212.39, 227.57, -0.08, 3.33, 2.81
3/29/2025 23:10:4, 3, 1, 0, 0, 334924969, -820052272, 28, 461, 22557156, 0, 2.97, 210.58, 215.88, -0.03, -9.69, 2.81
3/29/2025 23:10:5, 3, 1, 0, 0, 334924938, -820052297, 28, 424, 21199390, 0, 2.56, 210.04, 210.82, -0.00, -1.18, 2.81
3/29/2025 23:10:6, 3, 1, 0, 0, 334924900, -820052318, 28, 511, 20579788, 0, 2.09, 211.22, 210.38, 0.00, 4.58, 2.81
3/29/2025 23:10:7, 3, 1, 0, 0, 334924857, -820052342, 28, 544, 20659558, 0, 1.57, 213.32, 210.38, 0.02, 3.79, 2.81
3/29/2025 23:10:8, 3, 1, 0, 0, 334924816, -820052366, 28, 511, 20756164, 0, 11.29, 292.10, 210.21, 0.45, 2.64, 2.98
3/29/2025 23:10:8, 3, 1, 0, 0, 334924816, -820052366, 28, 511, 20756164, 0, 11.29, 292.10, 288.71, 0.02, 81.14, 2.98
3/29/2025 23:10:14, 3, 1, 0, 0, 334924744, -820052456, 28, 220, 29111536, 0, 10.87, 297.68, 299.71, -0.01, 8.59, 2.98
3/29/2025 23:10:15, 3, 1, 0, 0, 334924758, -820052488, 28, 407, 29821798, 0, 10.54, 297.68, 303.83, -0.03, 5.61, 2.98
3/29/2025 23:10:16, 3, 1, 0, 0, 334924780, -820052527, 28, 449, 30448438, 0, 10.10, 297.40, 299.02, -0.01, -5.47, 2.98
3/29/2025 23:10:17, 3, 1, 0, 0, 334924801, -820052570, 28, 483, 29746576, 0, 9.64, 297.26, 298.02, -0.00, 0.55, 2.98
3/29/2025 23:10:18, 3, 1, 0, 0, 334924823, -820052620, 28, 544, 29894960, 0, 9.12, 297.23, 297.77, -0.00, -1.18, 2.98
3/29/2025 23:10:19, 3, 1, 0, 0, 334924848, -820052672, 29, 557, 29845578, 0, 8.56, 297.05, 286.92, 0.06, -11.54, 13.83
3/29/2025 23:10:20, 3, 1, 0, 0, 334924871, -820052722, 29, 531, 29731574, 0, 8.03, 296.93, 295.67, 0.01, -1.65, 13.83
3/29/2025 23:10:21, 3, 1, 0, 0, 334924896, -820052763, 29, 454, 30896440, 0, 7.57, 296.35, 299.29, -0.02, -9.67, 13.83
3/29/2025 23:10:22, 3, 1, 0, 0, 334924927, -820052803, 29, 538, 31375558, 0, 7.08, 295.19, 299.42, -0.02, -14.34, 13.83
3/29/2025 23:10:23, 3, 1, 0, 0, 334924962, -820052842, 29, 537, 31679858, 0, 6.59, 293.46, 296.29, -0.02, -20.50, 13.83
3/29/2025 23:10:24, 3, 1, 0, 0, 334924995, -820052884, 29, 548, 31066526, 0, 6.09, 291.75, 295.42, -0.02, -15.25, 13.83
3/29/2025 23:10:25, 3, 1, 0, 0, 334925028, -820052925, 29, 524, 31327374, 0, 5.61, 289.71, 293.23, -0.02, -20.04, 13.83
3/29/2025 23:10:26, 3, 1, 0, 0, 334925060, -820052968, 29, 545, 31043238, 0, 5.11, 287.46, 292.54, -0.03, -17.89, 13.83
3/29/2025 23:10:27, 3, 1, 0, 0, 334925092, -820053010, 29, 533, 31348710, 0, 4.64, 284.71, 288.11, -0.02, -25.38, 13.83
3/29/2025 23:10:28, 3, 1, 0, 0, 334925122, -820053055, 29, 537, 30677864, 0, 4.16, 281.73, 287.04, -0.03, -19.73, 13.83
3/29/2025 23:10:29, 3, 1, 0, 0, 334925153, -820053100, 29, 539, 30931618, 0, 3.69, 277.80, 297.96, -0.11, -11.35, -1.78
3/29/2025 23:10:30, 3, 1, 0, 0, 334925181, -820053144, 29, 510, 30494714, 0, 3.25, 273.33, 281.34, -0.04, -23.61, -1.78
3/29/2025 23:10:32, 3, 1, 0, 0, 334925214, -820053223, 29, 428, 28634864, 0, 2.52, 265.95, 272.46, -0.04, -13.88, -1.78
3/29/2025 23:10:33, 3, 1, 0, 0, 334925221, -820053268, 29, 436, 27908602, 0, 2.11, 263.04, 265.96, -0.02, -13.12, -1.78
3/29/2025 23:10:34, 3, 1, 0, 0, 334925226, -820053322, 29, 536, 27517422, 0, 1.63, 258.95, 264.28, -0.03, -10.90, -1.78
3/29/2025 23:10:35, 3, 1, 0, 0, 334925230, -820053373, 29, 448, 27447648, 0, 7.22, 27.53, 273.66, 0.63, -0.82, -16.34
3/29/2025 23:10:35, 3, 1, 0, 0, 334925230, -820053373, 29, 448, 27447648, 0, 7.22, 27.53, 24.28, 0.02, -250.20, -16.34
3/29/2025 23:10:42, 3, 1, 0, 0, 334925267, -820053491, 29, 105, 35544704, 0, 7.46, 36.49, 34.41, 0.01, -321.04, -16.34
3/29/2025 23:10:43, 3, 1, 0, 0, 334925286, -820053478, 29, 304, 3548569, 0, 7.21, 36.71, 38.09, -0.01, 2.61, -16.34
3/29/2025 23:10:44, 3, 1, 0, 0, 334925311, -820053450, 29, 427, 4433938, 0, 6.84, 36.36, 38.72, -0.01, -5.62, -16.34
3/29/2025 23:10:45, 3, 1, 0, 0, 334925339, -820053411, 29, 496, 5071381, 0, 6.37, 35.40, 14.76, 0.11, -35.95, 7.30
3/29/2025 23:10:46, 3, 1, 0, 0, 334925367, -820053366, 29, 527, 5408274, 0, 5.88, 33.85, 31.89, 0.01, -22.19, 7.30
3/29/2025 23:10:48, 3, 1, 0, 0, 334925399, -820053301, 29, 281, 7287322, 0, 5.26, 30.55, 37.39, -0.04, -35.49, 7.30
3/29/2025 23:10:49, 3, 1, 0, 0, 334925404, -820053258, 29, 461, 8415654, 0, 5.02, 26.94, 30.20, -0.02, -53.96, 7.30
3/29/2025 23:10:50, 3, 1, 0, 0, 334925411, -820053209, 29, 477, 7888724, 0, 4.75, 22.48, 26.83, -0.02, -52.06, 7.30
3/29/2025 23:10:51, 3, 1, 0, 0, 334925419, -820053157, 29, 508, 7809447, 0, 4.51, 17.24, 22.39, -0.03, -55.71, 7.30
3/29/2025 23:10:52, 3, 1, 0, 0, 334925431, -820053104, 29, 510, 7380728, 0, 4.26, 11.44, 16.89, -0.03, -56.92, 7.30
3/29/2025 23:10:53, 3, 1, 0, 0, 334925445, -820053053, 29, 498, 6996088, 0, 4.03, 5.28, 11.20, -0.03, -58.76, 7.30
3/29/2025 23:10:54, 3, 1, 0, 0, 334925463, -820053004, 29, 503, 6508931, 0, 3.82, 358.75, 5.01, -0.03, -60.08, 7.30
3/29/2025 23:10:55, 3, 1, 0, 0, 334925484, -820052957, 29, 495, 6079156, 0, 3.62, 351.75, 46.26, -0.30, -14.54, -40.69
3/29/2025 23:10:55, 3, 1, 0, 0, 334925484, -820052957, 29, 495, 6079156, 0, 3.62, 351.75, 355.13, -0.02, 294.34, -40.69
3/29/2025 23:11:0, 3, 1, 0, 0, 334925609, -820052822, 29, 408, 906470, 0, 2.82, 321.04, 346.76, -0.14, 337.69, -40.69
3/29/2025 23:11:1, 3, 1, 0, 0, 334925645, -820052817, 29, 410, 636790, 0, 2.55, 314.57, 324.44, -0.05, 318.08, -40.69
3/29/2025 23:11:3, 3, 1, 0, 0, 334925712, -820052828, 29, 404, 34149868, 0, 2.01, 301.35, 313.63, -0.07, -27.87, -40.69
3/29/2025 23:11:4, 3, 1, 0, 0, 334925746, -820052846, 29, 402, 33428172, 0, 1.69, 293.31, 303.07, -0.05, -31.21, -40.69
3/29/2025 23:11:5, 3, 1, 0, 0, 334925775, -820052868, 29, 390, 32424370, 0, 6.22, 358.21, 326.60, 0.18, 2.35, -74.41
3/29/2025 23:11:5, 3, 1, 0, 0, 334925775, -820052868, 29, 390, 32424370, 0, 6.22, 358.21, 354.85, 0.02, 30.60, -74.41
3/29/2025 23:11:8, 3, 1, 0, 0, 334925823, -820052923, 29, 160, 33409846, 0, 5.69, 3.18, 2.66, 0.00, -331.44, -74.41
3/29/2025 23:11:9, 3, 1, 0, 0, 334925850, -820052925, 29, 360, 59528, 0, 5.39, 3.55, 4.35, -0.00, 3.75, -74.41
3/29/2025 23:11:10, 3, 1, 0, 0, 334925888, -820052922, 29, 464, 488880, 0, 4.97, 3.53, 3.72, -0.00, -1.17, -74.41
3/29/2025 23:11:11, 3, 1, 0, 0, 334925933, -820052913, 29, 518, 1091661, 0, 4.47, 2.86, 2.53, 0.00, -8.38, -74.41
3/29/2025 23:11:12, 3, 1, 0, 0, 334925979, -820052902, 29, 540, 1124428, 0, 3.95, 1.75, 1.97, -0.00, -9.27, -74.41
3/29/2025 23:11:13, 3, 1, 0, 0, 334926027, -820052892, 29, 545, 1046656, 0, 3.41, 0.47, 1.97, -0.01, -8.49, -74.41
3/29/2025 23:11:14, 3, 1, 0, 0, 334926076, -820052881, 29, 552, 1110477, 0, 2.87, 358.52, 1.97, -0.02, -9.13, -74.41
3/29/2025 23:11:15, 3, 1, 0, 0, 334926124, -820052868, 29, 550, 1280207, 0, 2.34, 355.23, 358.94, -0.02, 346.14, -71.38
3/29/2025 23:11:16, 3, 1, 0, 0, 334926171, -820052854, 29, 541, 1452413, 0, 1.84, 349.85, 357.13, -0.04, 342.60, -71.38
3/29/2025 23:11:17, 3, 1, 0, 0, 334926218, -820052842, 29, 524, 1177960, 0, 7.56, 355.71, 6.19, -0.06, -5.59, -87.01
3/29/2025 23:11:18, 3, 1, 0, 0, 334926255, -820052835, 29, 387, 790717, 0, 7.16, 354.94, 358.19, -0.02, 350.29, -87.01
3/29/2025 23:11:19, 3, 1, 0, 0, 334926286, -820052832, 29, 329, 311517, 0, 6.82, 354.46, 353.51, 0.01, 350.39, -87.01
3/29/2025 23:11:20, 3, 1, 0, 0, 334926323, -820052836, 29, 456, 35255572, 0, 6.40, 354.43, 352.63, 0.01, 0.08, -87.01
3/29/2025 23:11:21, 3, 1, 0, 0, 334926366, -820052843, 29, 504, 35310748, 0, 5.92, 354.61, 352.44, 0.01, -0.66, -87.01
3/29/2025 23:11:22, 3, 1, 0, 0, 334926412, -820052849, 29, 528, 35413936, 0, 5.41, 354.68, 352.44, 0.01, -1.70, -87.01
3/29/2025 23:11:23, 3, 1, 0, 0, 334926459, -820052855, 29, 537, 35468584, 0, 4.88, 354.77, 352.44, 0.01, -2.24, -87.01
3/29/2025 23:11:24, 3, 1, 0, 0, 334926507, -820052861, 29, 542, 35505396, 0, 4.34, 354.85, 352.44, 0.01, -2.61, -87.01
3/29/2025 23:11:25, 3, 1, 0, 0, 334926555, -820052866, 29, 541, 35537260, 0, 3.81, 354.83, 352.44, 0.01, -2.93, -87.01
3/29/2025 23:11:26, 3, 1, 0, 0, 334926603, -820052871, 29, 539, 35665056, 0, 3.27, 354.80, 352.44, 0.01, -4.21, -87.01
3/29/2025 23:11:28, 3, 1, 0, 0, 334926700, -820052878, 29, 548, 35734660, 0, 2.19, 353.93, 352.44, 0.01, -4.90, -87.01
3/29/2025 23:11:29, 3, 1, 0, 0, 334926748, -820052880, 29, 541, 35828844, 0, 1.66, 352.62, 356.45, -0.02, -1.84, -91.01
3/29/2025 23:11:30, 3, 1, 0, 0, 334926788, -820052882, 29, 413, 35849768, 0, 7.04, 333.63, 356.48, -0.13, -2.02, -92.85
3/29/2025 23:11:30, 3, 1, 0, 0, 334926788, -820052882, 29, 413, 35849768, 0, 7.04, 333.63, 337.10, -0.02, -21.40, -92.85
3/29/2025 23:11:33, 3, 1, 0, 0, 334926878, -820052909, 29, 432, 33206440, 0, 6.03, 331.54, 330.54, 0.01, -1.53, -92.85
3/29/2025 23:11:34, 3, 1, 0, 0, 334926916, -820052935, 29, 506, 33152566, 0, 5.55, 331.65, 329.60, 0.01, -1.92, -92.85
3/29/2025 23:11:35, 3, 1, 0, 0, 334926957, -820052963, 29, 536, 33157236, 0, 5.02, 331.79, 329.60, 0.01, -1.97, -92.85
3/29/2025 23:11:36, 3, 1, 0, 0, 334926999, -820052991, 29, 536, 33277674, 0, 4.49, 331.89, 329.60, 0.01, -3.18, -92.85
3/29/2025 23:11:37, 3, 1, 0, 0, 334927043, -820053017, 30, 543, 33427302, 0, 3.94, 331.63, 329.60, 0.01, -4.67, -92.85
3/29/2025 23:11:38, 3, 1, 0, 0, 334927087, -820053043, 30, 542, 33514906, 0, 3.40, 331.29, 329.60, 0.01, -5.55, -92.85
3/29/2025 23:11:39, 3, 1, 0, 0, 334927132, -820053068, 30, 550, 33593112, 0, 2.85, 330.55, 329.60, 0.01, -6.33, -92.85
3/29/2025 23:11:40, 3, 1, 0, 0, 334927178, -820053092, 30, 549, 33646060, 0, 2.29, 329.10, 329.60, -0.00, -6.86, -92.85
3/29/2025 23:11:41, 3, 1, 0, 0, 334927223, -820053114, 30, 544, 33726096, 0, 1.76, 326.44, 335.12, -0.05, -2.14, -98.37
3/29/2025 23:11:42, 3, 1, 0, 0, 334927262, -820053133, 30, 429, 33820872, 0, 6.70, 306.34, 330.01, -0.13, -8.20, -100.51
3/29/2025 23:11:43, 3, 1, 0, 0, 334927293, -820053151, 30, 355, 32971966, 0, 6.37, 304.73, 309.82, -0.03, -19.90, -100.51
3/29/2025 23:11:44, 3, 1, 0, 0, 334927316, -820053173, 30, 323, 31950824, 0, 6.05, 303.84, 302.82, 0.01, -16.68, -100.51
3/29/2025 23:11:45, 3, 1, 0, 0, 334927340, -820053208, 30, 461, 30479034, 0, 5.63, 303.42, 301.70, 0.01, -3.09, -100.51
3/29/2025 23:11:46, 3, 1, 0, 0, 334927366, -820053252, 30, 521, 30404528, 0, 5.13, 303.23, 301.76, 0.01, -2.28, -100.51
3/29/2025 23:11:47, 3, 1, 0, 0, 334927394, -820053300, 30, 556, 30516480, 0, 4.59, 303.03, 301.76, 0.01, -3.40, -100.51
3/29/2025 23:11:48, 3, 1, 0, 0, 334927424, -820053348, 30, 557, 30629916, 0, 4.04, 302.50, 301.76, 0.00, -4.54, -100.51
3/29/2025 23:11:49, 3, 1, 0, 0, 334927455, -820053395, 30, 557, 30826020, 0, 3.48, 301.57, 301.76, -0.00, -6.50, -100.51
3/29/2025 23:11:50, 3, 1, 0, 0, 334927486, -820053442, 30, 566, 30884114, 0, 2.93, 300.29, 301.76, -0.01, -7.08, -100.51
3/29/2025 23:11:51, 3, 1, 0, 0, 334927519, -820053489, 30, 556, 30906252, 0, 2.37, 297.95, 301.76, -0.02, -7.30, -100.51
3/29/2025 23:11:52, 3, 1, 0, 0, 334927551, -820053535, 30, 562, 30948164, 0, 1.83, 294.37, 307.52, -0.07, -1.96, -108.40
3/29/2025 23:11:53, 3, 1, 0, 0, 334927583, -820053581, 30, 548, 30902714, 0, 7.64, 273.92, 299.79, -0.14, -9.23, -110.36
3/29/2025 23:11:53, 3, 1, 0, 0, 334927583, -820053581, 30, 548, 30902714, 0, 7.64, 273.92, 277.42, -0.02, -31.61, -110.36
4/8/21442 0:0:15, 129, 204, 154, 100, 1065989420, 1564889766, 2, 0, 1073741824, 536870928, 5473063.03, 69.91, 271.04, 0.88, -10466.37, -110.36
4/8/21442 0:0:15, 129, 204, 154, 100, 1065989420, 1564889766, 2, 0, 1073741824, 536870928, 5473063.03, 69.91, 88.97, -0.11, -10648.44, -132.79
4/8/21442 0:0:15, 129, 204, 154, 100, 1065989420, 1564889766, 2, 0, 1073741824, 536870928, 5473063.03, 69.91, 73.29, -0.02, -10664.13, -132.79
3/29/2025 23:12:9, 3, 1, 0, 0, 334927687, -820053811, 30, 309, 6866908, 0, 5.53, 263.41, 66.60, -0.91, -2.07, -132.79
3/29/2025 23:12:9, 3, 1, 0, 0, 334927687, -820053811, 30, 309, 6866908, 0, 5.53, 263.41, 148.92, 0.64, 80.25, -15.05
3/29/2025 23:12:9, 3, 1, 0, 0, 334927687, -820053811, 30, 309, 6866908, 0, 5.53, 263.41, 260.17, 0.02, 191.50, -15.05
3/29/2025 23:12:27, 3, 1, 0, 0, 334927813, -820054050, 29, 181, 2140377, 0, 3.86, 238.13, 271.17, -0.18, 249.77, -15.05
3/29/2025 23:12:27, 3, 1, 0, 0, 334927813, -820054050, 29, 181, 2140377, 0, 3.86, 238.13, 53.93, -0.98, 32.52, -187.55
3/29/2025 23:12:27, 3, 1, 0, 0, 334927813, -820054050, 29, 181, 2140377, 0, 3.86, 238.13, 208.90, 0.16, 187.50, -155.03
3/29/2025 23:12:27, 3, 1, 0, 0, 334927813, -820054050, 29, 181, 2140377, 0, 3.86, 238.13, 234.78, 0.02, 213.37, -155.03
3/29/2025 23:12:44, 3, 1, 0, 0, 334927886, -820054244, 29, 338, 24401182, 0, 3.21, 207.38, 243.47, -0.20, -0.55, -155.03
3/29/2025 23:12:44, 3, 1, 0, 0, 334927886, -820054244, 29, 338, 24401182, 0, 3.21, 207.38, 210.84, -0.02, -33.17, -155.03
3/29/2025 23:12:48, 3, 1, 0, 0, 334927806, -820054379, 29, 485, 22057676, 0, 1.97, 186.49, 203.84, -0.10, -16.74, -155.03
3/29/2025 23:12:49, 3, 1, 0, 0, 334927773, -820054409, 30, 442, 21733372, 0, 7.85, 242.40, 247.62, -0.03, 30.29, -212.62
3/29/2025 23:12:50, 3, 1, 0, 0, 334927740, -820054429, 30, 391, 20545294, 0, 7.52, 244.22, 241.56, 0.01, 36.11, -212.62
3/29/2025 23:12:51, 3, 1, 0, 0, 334927700, -820054446, 30, 510, 19862842, 0, 7.19, 246.87, 240.56, 0.04, 41.93, -212.62
3/29/2025 23:12:52, 3, 1, 0, 0, 334927655, -820054463, 30, 531, 19806860, 0, 6.86, 250.20, 246.69, 0.02, 48.62, -212.62
3/29/2025 23:12:53, 3, 1, 0, 0, 334927611, -820054487, 30, 535, 20832740, 0, 6.50, 253.59, 248.12, 0.03, 39.80, -212.62
3/29/2025 23:12:54, 3, 1, 0, 0, 334927568, -820054515, 30, 545, 20975850, 0, 6.13, 257.20, 253.00, 0.02, 43.24, -212.62
3/29/2025 23:12:55, 3, 1, 0, 0, 334927527, -820054546, 30, 536, 21559810, 0, 5.76, 261.00, 255.94, 0.03, 40.34, -212.62
3/29/2025 23:12:56, 3, 1, 0, 0, 334927489, -820054583, 30, 548, 22035112, 0, 5.36, 264.88, 260.37, 0.03, 40.02, -212.62
3/29/2025 23:12:57, 3, 1, 0, 0, 334927453, -820054621, 30, 536, 22289048, 0, 4.99, 269.11, 264.31, 0.03, 41.42, -212.62
3/29/2025 23:12:58, 3, 1, 0, 0, 334927419, -820054664, 30, 555, 22934286, 0, 4.60, 273.74, 268.56, 0.03, 39.22, -212.62
3/29/2025 23:12:59, 3, 1, 0, 0, 334927360, -820054697, 31, 560, 23168296, 0, 4.39, 282.58, 273.44, 0.05, 41.75, -212.62
3/29/2025 23:13:0, 3, 1, 0, 0, 334927330, -820054747, 31, 544, 23900166, 0, 4.03, 288.66, 241.87, 0.26, 2.87, -172.37
3/29/2025 23:13:0, 3, 1, 0, 0, 334927330, -820054747, 31, 544, 23900166, 0, 4.03, 288.66, 285.25, 0.02, 46.25, -172.37
3/29/2025 23:13:4, 3, 1, 0, 0, 334927297, -820054869, 32, 253, 28754872, 0, 3.16, 301.64, 294.37, 0.04, 6.82, -172.37
3/29/2025 23:13:5, 3, 1, 0, 0, 334927310, -820054902, 32, 404, 29514090, 0, 2.82, 302.40, 302.81, -0.00, 7.67, -172.37
3/29/2025 23:13:6, 3, 1, 0, 0, 334927332, -820054937, 32, 453, 30869800, 0, 2.42, 301.62, 305.19, -0.02, -3.51, -172.37
3/29/2025 23:13:7, 3, 1, 0, 0, 334927364, -820054974, 32, 507, 31420640, 0, 1.94, 297.99, 305.44, -0.04, -8.77, -172.37
3/29/2025 23:13:8, 3, 1, 0, 0, 334927401, -820055011, 32, 526, 31790086, 0, 7.63, 236.44, 290.28, -0.30, -27.62, -164.22
3/29/2025 23:13:8, 3, 1, 0, 0, 334927401, -820055011, 32, 526, 31790086, 0, 7.63, 236.44, 239.78, -0.02, -78.12, -164.22
3/29/2025 23:13:13, 3, 1, 0, 0, 334927468, -820055181, 32, 435, 26203650, 0, 6.89, 223.92, 231.91, -0.04, -30.13, -164.22
3/29/2025 23:13:14, 3, 1, 0, 0, 334927461, -820055228, 32, 436, 25861466, 0, 6.53, 221.64, 224.16, -0.01, -34.46, -164.22
3/29/2025 23:13:15, 3, 1, 0, 0, 334927446, -820055282, 32, 553, 25111276, 0, 6.08, 219.16, 222.10, -0.02, -29.02, -164.22
3/29/2025 23:13:16, 3, 1, 0, 0, 334927429, -820055341, 32, 580, 25147128, 0, 5.60, 216.03, 221.41, -0.03, -30.06, -164.22
3/29/2025 23:13:17, 3, 1, 0, 0, 334927413, -820055397, 32, 522, 25200084, 0, 5.16, 212.53, 216.72, -0.02, -35.28, -164.22
3/29/2025 23:13:18, 3, 1, 0, 0, 334927394, -820055451, 32, 546, 24730128, 0, 4.72, 208.78, 213.53, -0.03, -33.77, -164.22
3/29/2025 23:13:19, 3, 1, 0, 0, 334927375, -820055503, 32, 534, 24685640, 0, 4.32, 204.51, 246.04, -0.23, -0.81, -201.11
3/29/2025 23:13:19, 3, 1, 0, 0, 334927375, -820055503, 32, 534, 24685640, 0, 4.32, 204.51, 207.86, -0.02, -39.00, -201.11
3/29/2025 23:13:23, 3, 1, 0, 0, 334927278, -820055659, 32, 470, 21185568, 0, 2.87, 186.87, 200.67, -0.08, -11.19, -201.11
3/29/2025 23:13:24, 3, 1, 0, 0, 334927241, -820055685, 31, 483, 20981304, 0, 2.44, 182.40, 190.36, -0.04, -19.46, -201.11
3/29/2025 23:13:25, 3, 1, 0, 0, 334927201, -820055707, 31, 471, 20031758, 0, 1.99, 177.07, 181.73, -0.03, -18.59, -201.11
3/29/2025 23:13:26, 3, 1, 0, 0, 334927157, -820055721, 31, 502, 19265876, 0, 8.32, 220.27, 194.93, 0.14, 2.27, -218.87
3/29/2025 23:13:27, 3, 1, 0, 0, 334927120, -820055730, 31, 375, 18999102, 0, 7.96, 221.72, 216.93, 0.03, 26.94, -218.87
3/29/2025 23:13:29, 3, 1, 0, 0, 334927071, -820055748, 31, 264, 21367734, 0, 7.44, 223.56, 225.06, -0.01, 11.38, -218.87
3/29/2025 23:13:30, 3, 1, 0, 0, 334927043, -820055777, 31, 466, 22144008, 0, 7.03, 223.72, 226.93, -0.02, 5.49, -218.87
3/29/2025 23:13:31, 3, 1, 0, 0, 334927008, -820055816, 31, 565, 22377346, 0, 6.50, 223.78, 226.43, -0.01, 2.66, -218.87
3/29/2025 23:13:32, 3, 1, 0, 0, 334926971, -820055862, 31, 609, 22636752, 0, 5.91, 223.56, 225.56, -0.01, -0.81, -218.87
3/29/2025 23:13:33, 3, 1, 0, 0, 334926935, -820055910, 32, 610, 22746942, 0, 5.31, 223.06, 225.50, -0.01, -1.97, -218.87
3/29/2025 23:13:34, 3, 1, 0, 0, 334926899, -820055958, 32, 611, 22808656, 0, 4.72, 222.42, 225.50, -0.02, -2.59, -218.87
3/29/2025 23:13:35, 3, 1, 0, 0, 334926863, -820056009, 32, 617, 22937462, 0, 4.10, 221.32, 225.50, -0.02, -3.88, -218.87
3/29/2025 23:13:36, 3, 1, 0, 0, 334926828, -820056062, 32, 614, 23148972, 0, 3.49, 219.48, 218.04, 0.01, -13.45, -214.54
3/29/2025 23:13:37, 3, 1, 0, 0, 334926791, -820056110, 32, 591, 22718148, 0, 2.89, 217.85, 217.79, 0.00, -9.39, -214.54
3/29/2025 23:13:38, 3, 1, 0, 0, 334926754, -820056158, 32, 596, 22800876, 0, 2.29, 215.37, 217.79, -0.01, -10.22, -214.54
3/29/2025 23:13:39, 3, 1, 0, 0, 334926717, -820056206, 32, 604, 22937936, 0, 1.70, 211.16, 217.79, -0.04, -11.59, -214.54
3/29/2025 23:13:40, 3, 1, 0, 0, 334926681, -820056256, 32, 604, 23051252, 0, 8.84, 197.02, 223.08, -0.14, -7.44, -225.70
3/29/2025 23:13:41, 3, 1, 0, 0, 334926650, -820056297, 31, 446, 22908882, 0, 8.40, 195.23, 200.45, -0.03, -28.64, -225.70
3/29/2025 23:13:43, 3, 1, 0, 0, 334926596, -820056351, 32, 370, 21327742, 0, 7.70, 192.81, 193.95, -0.01, -19.33, -225.70
3/29/2025 23:13:44, 3, 1, 0, 0, 334926558, -820056372, 32, 517, 20162046, 0, 7.24, 192.05, 193.26, -0.01, -8.36, -225.70
3/29/2025 23:13:45, 3, 1, 0, 0, 334926512, -820056394, 32, 573, 20059490, 0, 6.70, 191.25, 193.26, -0.01, -7.33, -225.70
3/29/2025 23:13:46, 3, 1, 0, 0, 334926463, -820056416, 32, 587, 20081180, 0, 6.13, 190.38, 193.26, -0.02, -7.55, -225.70
3/29/2025 23:13:47, 3, 1, 0, 0, 334926413, -820056439, 32, 603, 20204058, 0, 5.54, 189.24, 193.26, -0.02, -8.78, -225.70
3/29/2025 23:13:48, 3, 1, 0, 0, 334926363, -820056464, 32, 607, 20297798, 0, 4.96, 187.63, 190.70, -0.02, -12.28, -225.70
3/29/2025 23:13:49, 3, 1, 0, 0, 334926313, -820056490, 32, 583, 20173368, 0, 4.38, 185.47, 190.51, -0.03, -11.22, -225.70
3/29/2025 23:13:50, 3, 1, 0, 0, 334926262, -820056514, 32, 600, 20113166, 0, 3.80, 182.94, 186.26, -0.02, -14.87, -225.70
3/29/2025 23:13:51, 3, 1, 0, 0, 334926213, -820056536, 32, 558, 19891684, 0, 3.25, 179.84, 197.82, -0.10, -1.10, -238.26
3/29/2025 23:13:52, 3, 1, 0, 0, 334926163, -820056557, 32, 588, 19817396, 0, 2.70, 175.66, 183.20, -0.04, -14.98, -238.26
3/29/2025 23:13:54, 3, 1, 0, 0, 334926078, -820056585, 32, 464, 18673620, 0, 1.81, 165.13, 174.63, -0.05, -12.10, -238.26
3/29/2025 23:13:55, 3, 1, 0, 0, 334926036, -820056587, 32, 469, 18063342, 0, 9.30, 171.51, 175.34, -0.02, -5.29, -247.66
3/29/2025 23:13:56, 3, 1, 0, 0, 334926000, -820056583, 32, 399, 17149046, 0, 8.90, 171.37, 172.09, -0.00, 0.60, -247.66
3/29/2025 23:13:57, 3, 1, 0, 0, 334925958, -820056574, 32, 513, 16839824, 0, 8.42, 171.45, 171.59, -0.00, 3.20, -247.66
3/29/2025 23:13:58, 3, 1, 0, 0, 334925911, -820056564, 32, 554, 16961020, 0, 7.89, 171.55, 171.59, -0.00, 1.98, -247.66
3/29/2025 23:13:59, 3, 1, 0, 0, 334925861, -820056554, 32, 572, 17022634, 0, 7.33, 171.63, 171.59, 0.00, 1.37, -247.66
3/29/2025 23:14:0, 3, 1, 0, 0, 334925810, -820056545, 32, 581, 17197208, 0, 6.76, 171.63, 171.59, 0.00, -0.38, -247.66
3/29/2025 23:14:1, 3, 1, 0, 0, 334925758, -820056537, 32, 587, 17183322, 0, 6.17, 171.53, 171.59, -0.00, -0.24, -247.66
3/29/2025 23:14:2, 3, 1, 0, 0, 334925704, -820056529, 32, 585, 17307050, 0, 5.57, 171.38, 171.59, -0.00, -1.48, -247.66
3/29/2025 23:14:3, 3, 1, 0, 0, 334925650, -820056523, 32, 591, 17404692, 0, 4.97, 170.97, 171.59, -0.00, -2.45, -247.66
3/29/2025 23:14:4, 3, 1, 0, 0, 334925597, -820056518, 32, 590, 17489158, 0, 4.38, 170.36, 171.59, -0.01, -3.30, -247.66
3/29/2025 23:14:5, 3, 1, 0, 0, 334925543, -820056513, 32, 594, 17524334, 0, 3.78, 169.53, 171.59, -0.01, -3.65, -247.66
3/29/2025 23:14:6, 3, 1, 0, 0, 334925489, -820056509, 31, 605, 17600126, 0, 3.18, 168.22, 172.47, -0.02, -3.53, -248.53
3/29/2025 23:14:7, 3, 1, 0, 0, 334925436, -820056507, 31, 576, 17982970, 0, 2.60, 165.97, 169.41, -0.02, -10.42, -248.53
3/29/2025 23:14:8, 3, 1, 0, 0, 334925385, -820056503, 32, 582, 17378432, 0, 2.05, 163.13, 168.97, -0.03, -4.81, -248.53
3/29/2025 23:14:9, 3, 1, 0, 0, 334925334, -820056499, 32, 565, 17729198, 0, 1.50, 158.18, 163.97, -0.03, -13.32, -248.53
3/29/2025 23:14:10, 3, 1, 0, 0, 334925287, -820056493, 32, 535, 17182198, 0, 8.92, 137.79, 166.55, -0.16, -5.27, -256.55
3/29/2025 23:14:11, 3, 1, 0, 0, 334925250, -820056485, 32, 388, 16860594, 0, 8.57, 136.31, 141.24, -0.03, -27.36, -256.55
3/29/2025 23:14:13, 3, 1, 0, 0, 334925190, -820056466, 32, 322, 15679530, 0, 7.97, 133.91, 133.99, -0.00, -22.80, -256.55
3/29/2025 23:14:14, 3, 1, 0, 0, 334925160, -820056440, 32, 455, 14079276, 0, 7.57, 133.36, 133.24, 0.00, -7.55, -256.55
3/29/2025 23:14:15, 3, 1, 0, 0, 334925127, -820056405, 32, 512, 13678840, 0, 7.08, 133.00, 133.24, -0.00, -3.55, -256.55
3/29/2025 23:14:16, 3, 1, 0, 0, 334925093, -820056366, 32, 540, 13777896, 0, 6.56, 132.74, 133.24, -0.00, -4.54, -256.55
3/29/2025 23:14:17, 3, 1, 0, 0, 334925056, -820056328, 32, 545, 14004678, 0, 6.02, 132.14, 133.24, -0.01, -6.80, -256.55
3/29/2025 23:14:18, 3, 1, 0, 0, 334925019, -820056290, 32, 550, 14123492, 0, 5.48, 131.43, 133.24, -0.01, -7.99, -256.55
3/29/2025 23:14:19, 3, 1, 0, 0, 334924982, -820056253, 32, 549, 14219398, 0, 4.95, 130.48, 133.24, -0.02, -8.95, -256.55
3/29/2025 23:14:20, 3, 1, 0, 0, 334924944, -820056217, 32, 547, 14353540, 0, 4.42, 129.13, 143.74, -0.08, 0.21, -267.06
3/29/2025 23:14:21, 3, 1, 0, 0, 334924905, -820056182, 32, 545, 14423712, 0, 3.90, 127.19, 132.49, -0.03, -11.74, -267.06
3/29/2025 23:14:23, 3, 1, 0, 0, 334924845, -820056120, 32, 459, 13199698, 0, 3.04, 123.73, 126.37, -0.01, -5.63, -267.06
3/29/2025 23:14:24, 3, 1, 0, 0, 334924818, -820056077, 32, 495, 12785800, 0, 2.55, 123.09, 124.56, -0.01, -3.30, -267.06
3/29/2025 23:14:25, 3, 1, 0, 0, 334924790, -820056031, 32, 520, 12874240, 0, 2.02, 122.30, 123.43, -0.01, -5.31, -267.06
3/29/2025 23:14:26, 3, 1, 0, 0, 334924761, -820055985, 32, 531, 12738654, 0, 1.49, 120.58, 123.37, -0.02, -4.02, -267.06
3/29/2025 23:14:27, 3, 1, 0, 0, 334924737, -820055945, 32, 420, 12937228, 0, 10.56, 96.84, 128.33, -0.17, -1.04, -272.02
3/29/2025 23:14:27, 3, 1, 0, 0, 334924737, -820055945, 32, 420, 12937228, 0, 10.56, 96.84, 100.33, -0.02, -29.04, -272.02
3/29/2025 23:14:30, 3, 1, 0, 0, 334924688, -820055863, 31, 287, 11089094, 0, 9.75, 94.19, 94.02, 0.00, -16.87, -272.02
3/29/2025 23:14:31, 3, 1, 0, 0, 334924685, -820055822, 31, 426, 9234730, 0, 9.37, 94.15, 93.83, 0.00, 1.49, -272.02
3/29/2025 23:14:32, 3, 1, 0, 0, 334924684, -820055771, 31, 488, 9049972, 0, 8.89, 94.30, 93.83, 0.00, 3.33, -272.02
3/29/2025 23:14:33, 3, 1, 0, 0, 334924684, -820055717, 31, 513, 9082350, 0, 8.39, 94.56, 93.90, 0.00, 3.07, -272.02
3/29/2025 23:14:34, 3, 1, 0, 0, 334924683, -820055661, 31, 520, 9192294, 0, 7.87, 94.78, 93.90, 0.00, 1.97, -272.02
3/29/2025 23:14:35, 3, 1, 0, 0, 334924680, -820055605, 31, 523, 9364322, 0, 7.35, 94.86, 93.90, 0.01, 0.25, -272.02
3/29/2025 23:14:36, 3, 1, 0, 0, 334924677, -820055548, 31, 524, 9355768, 0, 6.82, 94.96, 93.90, 0.01, 0.34, -272.02
3/29/2025 23:14:37, 3, 1, 0, 0, 334924673, -820055491, 31, 530, 9392978, 0, 6.29, 94.97, 97.92, -0.02, 3.99, -275.98
3/29/2025 23:14:38, 3, 1, 0, 0, 334924669, -820055433, 31, 540, 9435184, 0, 5.75, 94.99, 97.92, -0.02, 3.57, -275.98
3/29/2025 23:14:39, 3, 1, 0, 0, 334924664, -820055375, 31, 547, 9500806, 0, 5.21, 94.90, 97.92, -0.02, 2.91, -275.98
3/29/2025 23:14:40, 3, 1, 0, 0, 334924659, -820055318, 32, 544, 9494346, 0, 4.68, 94.77, 97.92, -0.02, 2.98, -275.98
3/29/2025 23:14:41, 3, 1, 0, 0, 334924654, -820055261, 32, 545, 9571944, 0, 4.15, 94.61, 97.92, -0.02, 2.20, -275.98
3/29/2025 23:14:42, 3, 1, 0, 0, 334924648, -820055204, 32, 544, 9691676, 0, 3.62, 94.23, 97.92, -0.02, 1.00, -275.98
3/29/2025 23:14:43, 3, 1, 0, 0, 334924642, -820055146, 32, 545, 9842540, 0, 3.08, 93.73, 96.11, -0.01, -2.32, -275.98
3/29/2025 23:14:44, 3, 1, 0, 0, 334924635, -820055090, 32, 508, 9802836, 0, 2.55, 92.75, 96.11, -0.02, -1.92, -275.98
3/29/2025 23:14:45, 3, 1, 0, 0, 334924630, -820055034, 32, 526, 9669720, 0, 2.03, 91.88, 96.11, -0.02, -0.59, -275.98
3/29/2025 23:14:46, 3, 1, 0, 0, 334924624, -820054977, 32, 529, 9766912, 0, 1.50, 90.00, 93.48, -0.02, -4.19, -275.98
3/29/2025 23:14:48, 3, 1, 0, 0, 334924615, -820054876, 32, 372, 9588086, 0, 8.44, 73.46, 92.28, -0.10, -3.60, -275.22
3/29/2025 23:14:49, 3, 1, 0, 0, 334924610, -820054842, 32, 300, 9910112, 0, 8.15, 72.45, 76.97, -0.03, -22.13, -275.22
3/29/2025 23:14:50, 3, 1, 0, 0, 334924610, -820054810, 32, 300, 8537322, 0, 7.87, 71.80, 70.59, 0.01, -14.78, -275.22
3/29/2025 23:14:51, 3, 1, 0, 0, 334924620, -820054768, 31, 447, 7161428, 0, 7.47, 71.68, 70.16, 0.01, -1.46, -275.22
3/29/2025 23:14:52, 3, 1, 0, 0, 334924632, -820054719, 31, 492, 7187736, 0, 6.99, 71.54, 70.16, 0.01, -1.72, -275.22
3/29/2025 23:14:53, 3, 1, 0, 0, 334924645, -820054667, 31, 514, 7298118, 0, 6.49, 71.41, 70.16, 0.01, -2.83, -275.22
3/29/2025 23:14:54, 3, 1, 0, 0, 334924657, -820054613, 31, 523, 7533827, 0, 5.97, 71.09, 70.16, 0.01, -5.18, -275.22
3/29/2025 23:14:55, 3, 1, 0, 0, 334924669, -820054558, 31, 530, 7603541, 0, 5.45, 70.68, 70.16, 0.00, -5.88, -275.22
3/29/2025 23:14:56, 3, 1, 0, 0, 334924680, -820054502, 31, 531, 7635135, 0, 4.92, 70.02, 70.16, -0.00, -6.20, -275.22
3/29/2025 23:14:57, 3, 1, 0, 0, 334924691, -820054446, 31, 531, 7694590, 0, 4.39, 69.20, 70.16, -0.01, -6.79, -275.22
3/29/2025 23:14:58, 3, 1, 0, 0, 334924702, -820054389, 31, 535, 7796972, 0, 3.85, 68.11, 77.19, -0.05, -0.77, -282.26
3/29/2025 23:14:59, 3, 1, 0, 0, 334924712, -820054332, 31, 532, 7790040, 0, 3.32, 66.49, 69.69, -0.02, -8.21, -282.26
3/29/2025 23:15:0, 3, 1, 0, 0, 334924722, -820054285, 31, 415, 7433805, 0, 2.87, 65.06, 66.94, -0.01, -7.39, -282.26
3/29/2025 23:15:1, 3, 1, 0, 0, 334924736, -820054238, 31, 493, 6695523, 0, 2.41, 64.04, 66.44, -0.01, -0.51, -282.26
3/29/2025 23:15:2, 3, 1, 0, 0, 334924753, -820054190, 31, 508, 6827388, 0, 1.93, 63.30, 66.38, -0.02, -1.89, -282.26
3/29/2025 23:15:3, 3, 1, 0, 0, 334924770, -820054139, 31, 519, 6858202, 0, 7.65, 51.49, 70.20, -0.10, 1.62, -286.01
3/29/2025 23:15:3, 3, 1, 0, 0, 334924770, -820054139, 31, 519, 6858202, 0, 7.65, 51.49, 54.89, -0.02, -13.70, -286.01
3/29/2025 23:15:6, 3, 1, 0, 0, 334924805, -820054044, 31, 301, 5466111, 0, 6.72, 49.41, 48.57, 0.00, -6.09, -286.01
3/29/2025 23:15:7, 3, 1, 0, 0, 334924830, -820054013, 31, 438, 4545811, 0, 6.32, 49.63, 48.07, 0.01, 2.62, -286.01
3/29/2025 23:15:8, 3, 1, 0, 0, 334924861, -820053978, 31, 488, 4401006, 0, 5.85, 50.14, 48.07, 0.01, 4.06, -286.01
3/29/2025 23:15:9, 3, 1, 0, 0, 334924894, -820053941, 31, 513, 4422024, 0, 5.35, 50.80, 48.07, 0.02, 3.85, -286.01
3/29/2025 23:15:10, 3, 1, 0, 0, 334924927, -820053901, 31, 524, 4558655, 0, 4.83, 51.40, 48.07, 0.02, 2.49, -286.01
3/29/2025 23:15:11, 3, 1, 0, 0, 334924960, -820053859, 31, 525, 4653785, 0, 4.30, 51.98, 48.07, 0.02, 1.54, -286.01
3/29/2025 23:15:12, 3, 1, 0, 0, 334924993, -820053819, 31, 519, 4566673, 0, 3.78, 52.90, 50.39, 0.01, 4.72, -286.01
3/29/2025 23:15:13, 3, 1, 0, 0, 334925022, -820053777, 31, 518, 5078040, 0, 3.27, 53.29, 50.51, 0.02, -0.27, -286.01
3/29/2025 23:15:14, 3, 1, 0, 0, 334925051, -820053733, 31, 531, 5142885, 0, 2.75, 53.59, 50.41, 0.02, -1.01, -285.91
3/29/2025 23:15:15, 3, 1, 0, 0, 334925079, -820053688, 31, 531, 5230473, 0, 2.23, 53.66, 50.41, 0.02, -1.89, -285.91
3/29/2025 23:15:16, 3, 1, 0, 0, 334925108, -820053643, 31, 536, 5293034, 0, 1.71, 54.08, 50.41, 0.02, -2.52, -285.91
3/29/2025 23:15:17, 3, 1, 0, 0, 334925135, -820053597, 31, 529, 5371436, 0, 11.81, 112.59, 52.85, 0.33, -0.87, -287.72
3/29/2025 23:15:17, 3, 1, 0, 0, 334925135, -820053597, 31, 529, 5371436, 0, 11.81, 112.59, 109.28, 0.02, 55.57, -287.72
3/29/2025 23:15:22, 3, 1, 0, 0, 334925176, -820053486, 31, 185, 12548248, 0, 11.07, 116.82, 119.28, -0.01, -6.20, -287.72
3/29/2025 23:15:23, 3, 1, 0, 0, 334925159, -820053458, 31, 391, 12818464, 0, 10.75, 116.54, 122.72, -0.03, -5.46, -287.72
3/29/2025 23:15:24, 3, 1, 0, 0, 334925134, -820053423, 31, 444, 13159872, 0, 10.34, 115.97, 117.78, -0.01, -13.81, -287.72
3/29/2025 23:15:25, 3, 1, 0, 0, 334925109, -820053383, 31, 477, 12444794, 0, 9.88, 115.46, 116.35, -0.00, -8.10, -287.72
3/29/2025 23:15:26, 3, 1, 0, 0, 334925083, -820053339, 31, 521, 12514904, 0, 9.39, 114.94, 115.85, -0.01, -9.30, -287.72
3/29/2025 23:15:27, 3, 1, 0, 0, 334925056, -820053292, 31, 539, 12445580, 0, 8.87, 114.37, 115.85, -0.01, -8.61, -287.72
3/29/2025 23:15:28, 3, 1, 0, 0, 334925028, -820053245, 31, 547, 12462840, 0, 8.34, 113.65, 116.49, -0.02, -8.14, -288.37
3/29/2025 23:15:29, 3, 1, 0, 0, 334924999, -820053197, 31, 553, 12627330, 0, 7.81, 112.80, 116.49, -0.02, -9.78, -288.37
3/29/2025 23:15:30, 3, 1, 0, 0, 334924969, -820053152, 31, 545, 12832892, 0, 7.30, 111.65, 114.49, -0.02, -13.84, -288.37
3/29/2025 23:15:31, 3, 1, 0, 0, 334924940, -820053105, 31, 540, 12519552, 0, 6.77, 110.48, 114.31, -0.02, -10.89, -288.37
3/29/2025 23:15:32, 3, 1, 0, 0, 334924910, -820053059, 31, 535, 12687974, 0, 6.26, 108.98, 112.06, -0.02, -14.82, -288.37
3/29/2025 23:15:33, 3, 1, 0, 0, 334924882, -820053012, 31, 544, 12354312, 0, 5.75, 107.46, 111.62, -0.02, -11.92, -288.37
3/29/2025 23:15:34, 3, 1, 0, 0, 334924853, -820052965, 31, 541, 12556392, 0, 5.24, 105.52, 108.87, -0.02, -16.70, -288.37
3/29/2025 23:15:35, 3, 1, 0, 0, 334924826, -820052916, 31, 540, 12083894, 0, 4.72, 103.49, 108.49, -0.03, -12.35, -288.37
3/29/2025 23:15:36, 3, 1, 0, 0, 334924800, -820052868, 31, 532, 12284834, 0, 4.23, 101.08, 104.37, -0.02, -18.48, -288.37
3/29/2025 23:15:37, 3, 1, 0, 0, 334924776, -820052820, 31, 509, 11784766, 0, 3.74, 98.38, 103.56, -0.03, -14.29, -288.37
3/29/2025 23:15:38, 3, 1, 0, 0, 334924754, -820052771, 31, 526, 11835102, 0, 3.26, 95.28, 112.11, -0.09, -6.24, -301.49
3/29/2025 23:15:39, 3, 1, 0, 0, 334924734, -820052722, 31, 510, 11421576, 0, 2.79, 91.60, 98.68, -0.04, -15.54, -301.49
3/29/2025 23:15:41, 3, 1, 0, 0, 334924712, -820052638, 31, 440, 9496004, 0, 2.02, 85.26, 90.68, -0.03, -4.28, -301.49
3/29/2025 23:15:42, 3, 1, 0, 0, 334924711, -820052590, 31, 468, 8935238, 0, 1.58, 83.52, 85.55, -0.01, -3.80, -301.49
3/29/2025 23:15:43, 3, 1, 0, 0, 334924712, -820052547, 31, 383, 8643404, 0, 1.08, 73.88, 142.56, -0.38, 56.13, 0.00
3/29/2025 23:15:43, 3, 1, 0, 0, 334924712, -820052547, 31, 383, 8643404, 0, 10.31, 301.61, 21.06, -0.44, -65.37, 56.13
Time, fixType, gnssFixOk, headVehValid, invalid_llh, Lat, Lon, SIV, groundSpeed, headingMotion, headingVehicle, distanceBetween, targetHeading, currentHeading, headingError, gpsError, averageGPSError
4/8/2004 0:0:15, 97, 0, 0, 0, 0, 0, 0, 0, 1065353216, 1265902592, 9269521.42, 303.75, 1.75, -0.32, -10651.78, 0.00
3/29/2025 23:19:16, 3, 1, 0, 0, 334924752, -820050847, 19, 36, 31341846, 0, 14.73, 269.44, 1.75, -0.51, -311.67, 0.00
4/8/4560 0:0:15, 97, 202, 135, 111, 1070945628, 856972295, 38, 1413754136, 1072243195, -417814413, 4439914.62, 343.93, 13.29, -0.16, -10709.14, 48.33
4/8/4560 0:0:15, 97, 202, 135, 111, 1070945628, 856972295, 38, 1413754136, 1072243195, -417814413, 4439914.62, 343.93, 256.56, 0.49, -10465.88, 139.19
4/8/4560 0:0:15, 97, 202, 135, 111, 1070945628, 856972295, 38, 1413754136, 1072243195, -417814413, 4439914.62, 343.93, 340.56, 0.02, -10381.88, 139.19
3/29/2025 23:19:51, 3, 1, 0, 0, 334924789, -820051213, 26, 304, 31834024, 0, 11.35, 267.19, 356.37, -0.50, 38.03, 139.19
Time, fixType, gnssFixOk, headVehValid, invalid_llh, Lat, Lon, SIV, groundSpeed, headingMotion, headingVehicle, distanceBetween, targetHeading, currentHeading, headingError, gpsError, averageGPSError
4/8/21442 0:0:15, 129, 0, 0, 0, 0, 0, 0, 0, 0, 0, 9269521.42, 303.75, 353.75, -0.28, 353.75, 0.00
4/8/2004 0:0:15, 97, 123, 97, 0, 1070945621, 0, 0, 0, 1090021888, 0, 6722378.79, 251.70, 275.06, -0.13, -10625.16, 0.00
4/8/2004 0:0:15, 97, 123, 97, 0, 1070945621, 0, 0, 0, 1090021888, 0, 6722378.79, 251.70, 255.19, -0.02, -10645.03, 0.00
3/29/2025 23:26:6, 3, 1, 0, 0, 334924801, -820051185, 7, 393, 26646418, 0, 11.62, 266.60, 249.06, 0.10, -17.40, 0.00
3/29/2025 23:26:7, 3, 1, 0, 0, 334924796, -820051233, 7, 471, 25740290, 0, 11.17, 266.75, 263.00, 0.02, 5.60, 0.00
3/29/2025 23:26:8, 3, 1, 0, 0, 334924792, -820051269, 7, 284, 26198884, 0, 10.83, 266.88, 271.31, -0.02, 9.32, 0.00
3/29/2025 23:26:9, 3, 1, 0, 0, 334924801, -820051303, 11, 382, 28361826, 0, 10.52, 266.24, 268.06, -0.01, -15.56, 0.00
3/29/2025 23:26:10, 3, 1, 0, 0, 334924810, -820051348, 12, 452, 28451042, 0, 10.11, 265.52, 267.62, -0.01, -16.89, 0.00
3/29/2025 23:26:11, 3, 1, 0, 0, 334924821, -820051396, 12, 486, 28247766, 0, 9.68, 264.59, 267.62, -0.02, -14.85, 0.00
3/29/2025 23:26:12, 3, 1, 0, 0, 334924832, -820051449, 12, 533, 28364232, 0, 9.20, 263.55, 267.75, -0.02, -15.89, 0.00
3/29/2025 23:26:13, 3, 1, 0, 0, 334924844, -820051504, 12, 546, 28329428, 0, 8.71, 262.30, 265.06, -0.02, -18.23, 0.00
3/29/2025 23:26:14, 3, 1, 0, 0, 334924855, -820051557, 12, 527, 28198512, 0, 8.25, 261.00, 273.98, -0.07, -8.01, -9.04
3/29/2025 23:26:15, 3, 1, 0, 0, 334924863, -820051614, 16, 542, 27888308, 0, 7.74, 259.73, 264.48, -0.03, -14.40, -9.04
3/29/2025 23:26:17, 3, 1, 0, 0, 334924867, -820051714, 17, 478, 26752936, 0, 6.84, 257.98, 259.23, -0.01, -8.30, -9.04
3/29/2025 23:26:18, 3, 1, 0, 0, 334924862, -820051768, 18, 494, 26565650, 0, 6.34, 257.53, 258.54, -0.01, -7.11, -9.04
3/29/2025 23:26:19, 3, 1, 0, 0, 334924857, -820051824, 18, 515, 26749442, 0, 5.82, 256.96, 258.48, -0.01, -9.01, -9.04
3/29/2025 23:26:20, 3, 1, 0, 0, 334924853, -820051883, 18, 535, 26710018, 0, 5.27, 256.09, 258.54, -0.01, -8.56, -9.04
3/29/2025 23:26:21, 3, 1, 0, 0, 334924848, -820051943, 18, 545, 26653502, 0, 4.72, 255.12, 258.60, -0.02, -7.93, -9.04
3/29/2025 23:26:22, 3, 1, 0, 0, 334924844, -820052003, 18, 541, 26844086, 0, 4.17, 253.75, 258.67, -0.03, -9.77, -9.04
3/29/2025 23:26:23, 3, 1, 0, 0, 334924841, -820052057, 18, 465, 27003042, 0, 3.69, 252.07, 254.73, -0.01, -15.30, -9.04
3/29/2025 23:26:24, 3, 1, 0, 0, 334924837, -820052113, 18, 524, 26570816, 0, 3.18, 249.95, 254.42, -0.02, -11.29, -9.04
3/29/2025 23:26:25, 3, 1, 0, 0, 334924832, -820052166, 18, 459, 26522362, 0, 2.70, 247.48, 261.07, -0.08, -4.15, -19.01
3/29/2025 23:26:26, 3, 1, 0, 0, 334924827, -820052215, 18, 425, 26406180, 0, 2.26, 244.38, 250.95, -0.04, -13.11, -19.01
3/29/2025 23:26:27, 3, 1, 0, 0, 334924816, -820052260, 18, 416, 25273486, 0, 1.84, 242.18, 244.39, -0.01, -8.35, -19.01
3/29/2025 23:26:28, 3, 1, 0, 0, 334924799, -820052304, 18, 433, 24427100, 0, 11.90, 291.90, 251.74, 0.22, 7.46, -27.55
3/29/2025 23:26:28, 3, 1, 0, 0, 334924799, -820052304, 18, 433, 24427100, 0, 11.90, 291.90, 288.67, 0.02, 44.40, -27.55
3/29/2025 23:26:32, 3, 1, 0, 0, 334924771, -820052413, 20, 258, 29005180, 0, 11.10, 295.34, 298.11, -0.02, 8.06, -27.55
3/29/2025 23:26:33, 3, 1, 0, 0, 334924782, -820052449, 20, 400, 29683466, 0, 10.74, 295.52, 301.30, -0.03, 4.46, -27.55
3/29/2025 23:26:34, 3, 1, 0, 0, 334924799, -820052489, 20, 419, 30269478, 0, 10.32, 295.46, 296.86, -0.01, -5.83, -27.55
3/29/2025 23:26:35, 3, 1, 0, 0, 334924816, -820052535, 20, 488, 29462626, 0, 9.86, 295.53, 295.30, 0.00, 0.67, -27.55
3/29/2025 23:26:36, 3, 1, 0, 0, 334924834, -820052586, 20, 518, 29652788, 0, 9.34, 295.67, 294.92, 0.00, -1.60, -27.55
3/29/2025 23:26:37, 3, 1, 0, 0, 334924852, -820052639, 20, 532, 29512474, 0, 8.82, 295.89, 294.99, 0.00, -0.14, -27.55
3/29/2025 23:26:38, 3, 1, 0, 0, 334924871, -820052693, 20, 540, 29544850, 0, 8.27, 296.08, 295.05, 0.01, -0.40, -27.55
3/29/2025 23:26:39, 3, 1, 0, 0, 334924890, -820052746, 21, 541, 29623026, 0, 7.74, 296.28, 289.06, 0.04, -7.17, -21.50
3/29/2025 23:26:40, 3, 1, 0, 0, 334924902, -820052798, 25, 460, 29391354, 0, 7.25, 297.02, 296.00, 0.01, 2.09, -21.50
3/29/2025 23:26:41, 3, 1, 0, 0, 334924919, -820052847, 25, 494, 30593598, 0, 6.76, 297.34, 298.19, -0.00, -7.75, -21.50
3/29/2025 23:26:42, 3, 1, 0, 0, 334924942, -820052896, 25, 525, 30679222, 0, 6.24, 297.17, 298.44, -0.01, -8.35, -21.50
3/29/2025 23:26:43, 3, 1, 0, 0, 334924968, -820052945, 25, 539, 30839550, 0, 5.70, 296.67, 298.50, -0.01, -9.89, -21.50
3/29/2025 23:26:44, 3, 1, 0, 0, 334924994, -820052993, 25, 538, 30863872, 0, 5.17, 296.02, 298.63, -0.01, -10.01, -21.50
3/29/2025 23:26:45, 3, 1, 0, 0, 334925022, -820053041, 26, 542, 31108922, 0, 4.64, 294.98, 298.69, -0.02, -12.40, -21.50
3/29/2025 23:26:46, 3, 1, 0, 0, 334925050, -820053086, 27, 519, 31098896, 0, 4.13, 293.51, 296.94, -0.02, -14.05, -21.50
3/29/2025 23:26:47, 3, 1, 0, 0, 334925076, -820053133, 27, 533, 30753560, 0, 3.61, 292.06, 297.00, -0.03, -10.53, -21.50
3/29/2025 23:26:48, 3, 1, 0, 0, 334925102, -820053177, 28, 499, 31001366, 0, 3.13, 289.96, 292.94, -0.02, -17.07, -21.50
3/29/2025 23:26:49, 3, 1, 0, 0, 334925126, -820053224, 29, 517, 30413708, 0, 2.63, 287.73, 302.08, -0.08, -2.05, -31.02
3/29/2025 23:26:50, 3, 1, 0, 0, 334925150, -820053270, 29, 497, 30765962, 0, 2.15, 284.41, 291.08, -0.04, -16.58, -31.02
3/29/2025 23:26:51, 3, 1, 0, 0, 334925167, -820053311, 29, 392, 29742248, 0, 1.73, 281.48, 283.83, -0.01, -13.59, -31.02
3/29/2025 23:26:52, 3, 1, 0, 0, 334925178, -820053359, 29, 485, 28668014, 0, 7.69, 24.68, 292.96, 0.51, 6.28, -41.77
3/29/2025 23:26:52, 3, 1, 0, 0, 334925178, -820053359, 29, 485, 28668014, 0, 7.69, 24.68, 21.14, 0.02, -265.54, -41.77
3/29/2025 23:26:59, 3, 1, 0, 0, 334925221, -820053493, 29, 185, 1794250, 0, 7.88, 34.38, 31.58, 0.02, 13.64, -41.77
3/29/2025 23:27:0, 3, 1, 0, 0, 334925243, -820053480, 29, 353, 2759839, 0, 7.61, 34.67, 35.46, -0.00, 7.86, -41.77
3/29/2025 23:27:1, 3, 1, 0, 0, 334925274, -820053457, 29, 449, 3431669, 0, 7.21, 34.84, 37.21, -0.01, 2.89, -41.77
3/29/2025 23:27:2, 3, 1, 0, 0, 334925307, -820053427, 29, 491, 3874052, 0, 6.75, 34.68, 37.52, -0.02, -1.22, -41.77
3/29/2025 23:27:3, 3, 1, 0, 0, 334925340, -820053393, 29, 519, 4113356, 0, 6.27, 34.22, 20.28, 0.08, -20.86, -24.59
3/29/2025 23:27:4, 3, 1, 0, 0, 334925374, -820053359, 29, 500, 3870422, 0, 5.78, 33.74, 30.84, 0.02, -7.87, -24.59
3/29/2025 23:27:5, 3, 1, 0, 0, 334925397, -820053333, 29, 304, 4623338, 0, 5.43, 33.12, 36.15, -0.02, -10.08, -24.59
3/29/2025 23:27:6, 3, 1, 0, 0, 334925417, -820053298, 29, 457, 5869549, 0, 5.07, 31.42, 36.34, -0.03, -22.36, -24.59
3/29/2025 23:27:7, 3, 1, 0, 0, 334925438, -820053254, 29, 496, 5940014, 0, 4.66, 28.64, 32.40, -0.02, -27.00, -24.59
3/29/2025 23:27:8, 3, 1, 0, 0, 334925461, -820053211, 29, 480, 5560775, 0, 4.25, 25.58, 29.71, -0.02, -25.89, -24.59
3/29/2025 23:27:9, 3, 1, 0, 0, 334925486, -820053171, 29, 479, 5266075, 0, 3.85, 22.38, 26.71, -0.02, -25.95, -24.59
3/29/2025 23:27:10, 3, 1, 0, 0, 334925512, -820053132, 29, 476, 5014712, 0, 3.45, 18.65, 23.53, -0.03, -26.62, -24.59
3/29/2025 23:27:11, 3, 1, 0, 0, 334925540, -820053094, 29, 482, 4755377, 0, 3.05, 14.25, 19.53, -0.03, -28.03, -24.59
3/29/2025 23:27:12, 3, 1, 0, 0, 334925570, -820053060, 29, 469, 4350412, 0, 2.66, 9.43, 14.96, -0.03, -28.54, -24.59
3/29/2025 23:27:13, 3, 1, 0, 0, 334925601, -820053028, 29, 459, 3867932, 0, 2.28, 3.49, 32.49, -0.16, -6.19, -46.93
3/29/2025 23:27:13, 3, 1, 0, 0, 334925601, -820053028, 29, 459, 3867932, 0, 2.28, 3.49, 6.80, -0.02, -31.88, -46.93
3/29/2025 23:27:17, 3, 1, 0, 0, 334925724, -820052958, 29, 421, 662220, 0, 1.05, 330.78, 1.24, -0.17, -5.38, -46.93
3/29/2025 23:27:17, 3, 1, 0, 0, 334925724, -820052958, 29, 421, 662220, 0, 6.81, 5.39, 348.72, 0.09, 342.10, -61.34
3/29/2025 23:27:20, 3, 1, 0, 0, 334925817, -820052969, 29, 315, 33662436, 0, 5.80, 7.35, 2.09, 0.03, -334.53, -61.34
3/29/2025 23:27:22, 3, 1, 0, 0, 334925858, -820052992, 29, 289, 35114612, 0, 5.38, 10.23, 10.09, 0.00, -341.05, -61.34
3/29/2025 23:27:23, 3, 1, 0, 0, 334925892, -820052994, 29, 431, 19175, 0, 5.01, 11.21, 11.34, -0.00, 11.15, -61.34
3/29/2025 23:27:24, 3, 1, 0, 0, 334925934, -820052992, 29, 490, 398555, 0, 4.55, 12.12, 11.40, 0.00, 7.42, -61.34
3/29/2025 23:27:25, 3, 1, 0, 0, 334925978, -820052987, 29, 511, 572641, 0, 4.06, 12.93, 11.40, 0.01, 5.68, -61.34
3/29/2025 23:27:26, 3, 1, 0, 0, 334926024, -820052983, 29, 518, 533411, 0, 3.56, 14.19, 11.47, 0.02, 6.13, -61.34
3/29/2025 23:27:27, 3, 1, 0, 0, 334926069, -820052977, 29, 511, 659707, 0, 3.06, 15.48, 11.53, 0.02, 4.93, -61.34
3/29/2025 23:27:28, 3, 1, 0, 0, 334926112, -820052972, 29, 480, 613938, 0, 2.59, 17.32, 13.84, 0.02, 7.70, -61.34
3/29/2025 23:27:29, 3, 1, 0, 0, 334926155, -820052963, 29, 498, 1100578, 0, 2.11, 19.02, 14.09, 0.03, 3.09, -61.34
3/29/2025 23:27:30, 3, 1, 0, 0, 334926195, -820052956, 29, 443, 873148, 0, 1.67, 21.90, 11.16, 0.06, 2.43, -54.04
3/29/2025 23:27:31, 3, 1, 0, 0, 334926231, -820052946, 29, 414, 1475479, 0, 7.41, 3.09, 17.98, -0.08, 3.23, -51.61
3/29/2025 23:27:32, 3, 1, 0, 0, 334926258, -820052933, 29, 291, 2747359, 0, 7.10, 2.25, 6.54, -0.02, -20.93, -51.61
3/29/2025 23:27:34, 3, 1, 0, 0, 334926306, -820052907, 29, 346, 1350507, 0, 6.56, 0.32, 359.73, 0.00, 346.23, -51.61
3/29/2025 23:27:35, 3, 1, 0, 0, 334926342, -820052901, 29, 445, 700924, 0, 6.16, 359.83, 358.67, 0.01, 351.66, -51.61
3/29/2025 23:27:36, 3, 1, 0, 0, 334926384, -820052895, 29, 481, 729643, 0, 5.70, 359.25, 358.61, 0.00, 351.31, -51.61
3/29/2025 23:27:37, 3, 1, 0, 0, 334926427, -820052888, 29, 498, 747897, 0, 5.22, 358.47, 358.67, -0.00, 351.19, -51.61
3/29/2025 23:27:38, 3, 1, 0, 0, 334926472, -820052880, 29, 512, 986586, 0, 4.72, 357.41, 358.73, -0.01, 348.87, -51.61
3/29/2025 23:27:39, 3, 1, 0, 0, 334926516, -820052871, 29, 511, 990094, 0, 4.24, 355.98, 358.79, -0.02, 348.89, -51.61
3/29/2025 23:27:40, 3, 1, 0, 0, 334926561, -820052861, 30, 511, 1055268, 0, 3.75, 354.03, 358.86, -0.03, 348.30, -51.61
3/29/2025 23:27:41, 3, 1, 0, 0, 334926601, -820052851, 30, 448, 1334831, 0, 3.32, 351.64, 355.17, -0.02, 341.82, -51.61
3/29/2025 23:27:42, 3, 1, 0, 0, 334926643, -820052844, 30, 492, 584534, 0, 2.87, 348.99, 5.31, -0.09, -0.54, -62.56
3/29/2025 23:27:43, 3, 1, 0, 0, 334926683, -820052837, 30, 444, 1026835, 0, 2.45, 345.51, 352.37, -0.04, 342.10, -62.56
3/29/2025 23:27:44, 3, 1, 0, 0, 334926717, -820052835, 30, 353, 292, 0, 2.09, 342.42, 344.81, -0.01, 344.80, -62.56
3/29/2025 23:27:45, 3, 1, 0, 0, 334926753, -820052843, 30, 443, 34565136, 0, 1.69, 340.71, 343.18, -0.01, -2.47, -62.56
3/29/2025 23:27:46, 3, 1, 0, 0, 334926793, -820052857, 30, 485, 34482332, 0, 7.10, 331.76, 351.21, -0.11, 6.38, -71.58
3/29/2025 23:27:47, 3, 1, 0, 0, 334926826, -820052869, 30, 339, 34348220, 0, 6.72, 331.11, 335.27, -0.02, -8.21, -71.58
3/29/2025 23:27:49, 3, 1, 0, 0, 334926873, -820052895, 30, 299, 32685854, 0, 6.15, 330.73, 329.33, 0.01, 2.47, -71.58
3/29/2025 23:27:50, 3, 1, 0, 0, 334926902, -820052921, 30, 447, 32199274, 0, 5.75, 331.25, 328.77, 0.01, 6.78, -71.58
3/29/2025 23:27:51, 3, 1, 0, 0, 334926934, -820052954, 30, 488, 32025520, 0, 5.29, 332.30, 328.83, 0.02, 8.58, -71.58
3/29/2025 23:27:52, 3, 1, 0, 0, 334926969, -820052988, 30, 506, 32164008, 0, 4.80, 333.48, 328.89, 0.03, 7.25, -71.58
3/29/2025 23:27:53, 3, 1, 0, 0, 334927005, -820053023, 30, 516, 32189936, 0, 4.30, 334.97, 332.58, 0.01, 10.68, -71.58
3/29/2025 23:27:54, 3, 1, 0, 0, 334927041, -820053053, 30, 486, 32800006, 0, 3.82, 336.21, 333.58, 0.01, 5.58, -71.58
3/29/2025 23:27:55, 3, 1, 0, 0, 334927080, -820053081, 30, 510, 32983624, 0, 3.32, 337.29, 334.21, 0.02, 4.37, -71.58
3/29/2025 23:27:56, 3, 1, 0, 0, 334927119, -820053109, 30, 509, 32983896, 0, 2.82, 338.76, 334.58, 0.02, 4.74, -71.58
3/29/2025 23:27:57, 3, 1, 0, 0, 334927158, -820053137, 30, 516, 33068572, 0, 2.32, 340.86, 332.90, 0.04, 2.21, -66.71
3/29/2025 23:27:58, 3, 1, 0, 0, 334927198, -820053162, 30, 495, 33398738, 0, 1.82, 343.16, 340.58, 0.01, 6.60, -66.71
3/29/2025 23:27:59, 3, 1, 0, 0, 334927233, -820053179, 30, 406, 34208272, 0, 6.57, 310.81, 338.87, -0.16, -3.21, -62.31
3/29/2025 23:27:59, 3, 1, 0, 0, 334927233, -820053179, 30, 406, 34208272, 0, 6.57, 310.81, 314.12, -0.02, -27.96, -62.31
3/29/2025 23:28:3, 3, 1, 0, 0, 334927326, -820053233, 30, 345, 31591978, 0, 5.53, 306.09, 307.31, -0.01, -8.61, -62.31
3/29/2025 23:28:4, 3, 1, 0, 0, 334927351, -820053267, 30, 456, 31173484, 0, 5.11, 305.65, 306.62, -0.01, -5.12, -62.31
3/29/2025 23:28:5, 3, 1, 0, 0, 334927380, -820053307, 30, 506, 31222822, 0, 4.62, 305.08, 306.68, -0.01, -5.55, -62.31
3/29/2025 23:28:6, 3, 1, 0, 0, 334927411, -820053348, 30, 520, 31248936, 0, 4.12, 304.20, 306.81, -0.01, -5.68, -62.31
3/29/2025 23:28:7, 3, 1, 0, 0, 334927443, -820053390, 30, 528, 31451352, 0, 3.59, 303.00, 306.93, -0.02, -7.58, -62.31
3/29/2025 23:28:8, 3, 1, 0, 0, 334927473, -820053428, 30, 478, 31449772, 0, 3.12, 301.38, 304.93, -0.02, -9.57, -62.31
3/29/2025 23:28:9, 3, 1, 0, 0, 334927504, -820053468, 30, 521, 31289302, 0, 2.62, 299.17, 304.99, -0.03, -7.90, -62.31
3/29/2025 23:28:10, 3, 1, 0, 0, 334927534, -820053505, 30, 460, 31534380, 0, 2.17, 295.89, 309.17, -0.07, -6.18, -71.29
3/29/2025 23:28:11, 3, 1, 0, 0, 334927559, -820053543, 30, 438, 30717530, 0, 1.73, 292.70, 299.29, -0.04, -7.88, -71.29
3/29/2025 23:28:12, 3, 1, 0, 0, 334927578, -820053582, 30, 423, 29843570, 0, 7.64, 274.34, 299.20, -0.14, 0.76, -78.32
3/29/2025 23:28:13, 3, 1, 0, 0, 334927590, -820053619, 30, 339, 28849708, 0, 7.29, 273.50, 277.76, -0.02, -10.74, -78.32
3/29/2025 23:28:15, 3, 1, 0, 0, 334927600, -820053690, 30, 345, 27264992, 0, 6.62, 272.89, 272.26, 0.00, -0.39, -78.32
3/29/2025 23:28:16, 3, 1, 0, 0, 334927597, -820053739, 30, 496, 26579226, 0, 6.17, 273.41, 271.95, 0.01, 6.15, -78.32
3/29/2025 23:28:17, 3, 1, 0, 0, 334927594, -820053795, 30, 536, 26607294, 0, 5.65, 274.06, 272.01, 0.01, 5.94, -78.32
3/29/2025 23:28:18, 3, 1, 0, 0, 334927590, -820053855, 30, 561, 26674260, 0, 5.10, 275.00, 272.13, 0.02, 5.39, -78.32
3/29/2025 23:28:19, 3, 1, 0, 0, 334927587, -820053917, 30, 567, 26748696, 0, 4.53, 276.06, 272.26, 0.02, 4.77, -78.32
3/29/2025 23:28:20, 3, 1, 0, 0, 334927585, -820053979, 30, 570, 27007494, 0, 3.96, 277.25, 274.45, 0.02, 4.37, -78.32
3/29/2025 23:28:21, 3, 1, 0, 0, 334927586, -820054040, 30, 565, 27137374, 0, 3.40, 278.27, 275.26, 0.02, 3.89, -78.32
3/29/2025 23:28:22, 3, 1, 0, 0, 334927587, -820054101, 30, 569, 27279986, 0, 2.84, 279.69, 275.88, 0.02, 3.08, -78.32
3/29/2025 23:28:23, 3, 1, 0, 0, 334927590, -820054163, 30, 575, 27356326, 0, 2.27, 281.30, 275.93, 0.03, 2.36, -75.99
3/29/2025 23:28:24, 3, 1, 0, 0, 334927594, -820054223, 30, 560, 27672406, 0, 1.72, 283.49, 281.24, 0.01, 4.51, -75.99
3/29/2025 23:28:25, 3, 1, 0, 0, 334927602, -820054279, 30, 517, 28095510, 0, 8.35, 258.00, 279.11, -0.12, -1.84, -72.55
3/29/2025 23:28:26, 3, 1, 0, 0, 334927609, -820054324, 30, 386, 28196560, 0, 7.95, 256.83, 261.55, -0.03, -20.42, -72.55
3/29/2025 23:28:28, 3, 1, 0, 0, 334927616, -820054396, 30, 322, 27034902, 0, 7.33, 255.04, 255.24, -0.00, -15.11, -72.55
3/29/2025 23:28:29, 3, 1, 0, 0, 334927610, -820054443, 30, 485, 26004520, 0, 6.89, 254.64, 254.86, -0.00, -5.18, -72.55
3/29/2025 23:28:30, 3, 1, 0, 0, 334927601, -820054499, 30, 543, 26018316, 0, 6.36, 254.27, 254.92, -0.00, -5.26, -72.55
3/29/2025 23:28:31, 3, 1, 0, 0, 334927592, -820054558, 30, 566, 26095598, 0, 5.81, 253.76, 255.11, -0.01, -5.84, -72.55
3/29/2025 23:28:32, 3, 1, 0, 0, 334927584, -820054620, 30, 581, 26137164, 0, 5.23, 252.93, 255.17, -0.01, -6.20, -72.55
3/29/2025 23:28:33, 3, 1, 0, 0, 334927577, -820054682, 30, 582, 26337412, 0, 4.66, 251.77, 255.30, -0.02, -8.07, -72.55
3/29/2025 23:28:34, 3, 1, 0, 0, 334927570, -820054745, 30, 587, 26318364, 0, 4.08, 250.24, 255.55, -0.03, -7.63, -72.55
3/29/2025 23:28:35, 3, 1, 0, 0, 334927564, -820054809, 30, 594, 26447254, 0, 3.50, 247.99, 259.75, -0.07, -4.72, -80.94
3/29/2025 23:28:36, 3, 1, 0, 0, 334927557, -820054869, 30, 547, 26104956, 0, 2.96, 245.35, 251.37, -0.03, -9.68, -80.94
3/29/2025 23:28:37, 3, 1, 0, 0, 334927547, -820054920, 30, 461, 25731392, 0, 2.49, 243.13, 245.69, -0.01, -11.63, -80.94
3/29/2025 23:28:38, 3, 1, 0, 0, 334927531, -820054972, 30, 535, 24710438, 0, 1.98, 241.41, 245.19, -0.02, -1.92, -80.94
3/29/2025 23:28:39, 3, 1, 0, 0, 334927511, -820055027, 30, 568, 24750712, 0, 8.25, 228.77, 250.67, -0.12, 3.17, -87.92
3/29/2025 23:28:40, 3, 1, 0, 0, 334927493, -820055076, 30, 460, 24586566, 0, 7.78, 227.67, 232.17, -0.03, -13.69, -87.92
3/29/2025 23:28:43, 3, 1, 0, 0, 334927433, -820055189, 30, 497, 22616578, 0, 6.56, 225.81, 226.61, -0.00, 0.44, -87.92
3/29/2025 23:28:44, 3, 1, 0, 0, 334927399, -820055230, 30, 554, 22497560, 0, 6.02, 225.87, 226.36, -0.00, 1.38, -87.92
3/29/2025 23:28:45, 3, 1, 0, 0, 334927363, -820055274, 30, 579, 22642462, 0, 5.45, 225.90, 226.49, -0.00, 0.06, -87.92
3/29/2025 23:28:46, 3, 1, 0, 0, 334927326, -820055320, 30, 594, 22680174, 0, 4.86, 225.89, 226.92, -0.01, 0.12, -87.92
3/29/2025 23:28:47, 3, 1, 0, 0, 334927290, -820055368, 30, 599, 22870728, 0, 4.26, 225.59, 227.11, -0.01, -1.60, -87.92
3/29/2025 23:28:48, 3, 1, 0, 0, 334927254, -820055417, 30, 601, 22909688, 0, 3.65, 225.08, 227.67, -0.01, -1.42, -87.92
3/29/2025 23:28:49, 3, 1, 0, 0, 334927219, -820055467, 30, 604, 23083092, 0, 3.05, 224.11, 228.30, -0.02, -2.53, -87.92
3/29/2025 23:28:50, 3, 1, 0, 0, 334927185, -820055514, 30, 555, 22973620, 0, 2.48, 222.96, 227.23, -0.02, -2.51, -89.48
3/29/2025 23:28:51, 3, 1, 0, 0, 334927152, -820055558, 30, 549, 22730462, 0, 1.93, 221.52, 224.60, -0.02, -2.70, -89.48
3/29/2025 23:28:52, 3, 1, 0, 0, 334927121, -820055596, 30, 460, 22664378, 0, 8.84, 227.70, 227.21, 0.00, 0.56, -92.08
3/29/2025 23:28:53, 3, 1, 0, 0, 334927093, -820055633, 30, 459, 22694250, 0, 8.38, 227.69, 227.15, 0.00, 0.20, -92.08
3/29/2025 23:28:54, 3, 1, 0, 0, 334927061, -820055673, 30, 539, 22704200, 0, 7.86, 227.79, 227.40, 0.00, 0.35, -92.08
3/29/2025 23:28:55, 3, 1, 0, 0, 334927027, -820055718, 30, 576, 22852100, 0, 7.30, 227.79, 227.83, -0.00, -0.69, -92.08
3/29/2025 23:28:56, 3, 1, 0, 0, 334926992, -820055766, 30, 586, 22922574, 0, 6.71, 227.70, 228.33, -0.00, -0.89, -92.08
3/29/2025 23:28:57, 3, 1, 0, 0, 334926957, -820055815, 30, 598, 22993068, 0, 6.11, 227.53, 229.08, -0.01, -0.85, -92.08
3/29/2025 23:28:58, 3, 1, 0, 0, 334926922, -820055865, 30, 602, 23154918, 0, 5.51, 227.26, 229.71, -0.01, -1.84, -92.08
3/29/2025 23:28:59, 3, 1, 0, 0, 334926889, -820055916, 30, 600, 23248630, 0, 4.91, 226.66, 230.52, -0.02, -1.97, -92.08
3/29/2025 23:29:0, 3, 1, 0, 0, 334926857, -820055963, 30, 551, 23199948, 0, 4.35, 226.13, 228.65, -0.01, -3.35, -92.08
3/29/2025 23:29:1, 3, 1, 0, 0, 334926825, -820056012, 30, 588, 23214406, 0, 3.78, 225.24, 228.77, -0.02, -3.37, -92.08
3/29/2025 23:29:2, 3, 1, 0, 0, 334926791, -820056063, 30, 604, 23187468, 0, 3.17, 224.07, 230.27, -0.03, -1.61, -93.27
3/29/2025 23:29:3, 3, 1, 0, 0, 334926763, -820056109, 30, 505, 23457000, 0, 2.65, 222.13, 225.02, -0.02, -9.55, -93.27
3/29/2025 23:29:4, 3, 1, 0, 0, 334926730, -820056152, 30, 564, 22590728, 0, 2.12, 220.79, 224.52, -0.02, -1.39, -93.27
3/29/2025 23:29:5, 3, 1, 0, 0, 334926695, -820056195, 30, 544, 22655360, 0, 1.56, 219.04, 222.83, -0.02, -3.72, -93.27
3/29/2025 23:29:6, 3, 1, 0, 0, 334926663, -820056234, 30, 489, 22608898, 0, 8.71, 198.69, 225.21, -0.15, -0.88, -97.33
3/29/2025 23:29:6, 3, 1, 0, 0, 334926663, -820056234, 30, 489, 22608898, 0, 8.71, 198.69, 202.27, -0.02, -23.82, -97.33
3/29/2025 23:29:9, 3, 1, 0, 0, 334926585, -820056316, 30, 362, 20953130, 0, 7.66, 195.38, 196.46, -0.01, -13.07, -97.33
3/29/2025 23:29:10, 3, 1, 0, 0, 334926546, -820056334, 30, 505, 19995738, 0, 7.20, 195.01, 196.08, -0.01, -3.87, -97.33
3/29/2025 23:29:11, 3, 1, 0, 0, 334926500, -820056353, 30, 554, 19897776, 0, 6.66, 194.69, 196.15, -0.01, -2.83, -97.33
3/29/2025 23:29:12, 3, 1, 0, 0, 334926452, -820056374, 30, 575, 20005128, 0, 6.09, 194.19, 196.33, -0.01, -3.72, -97.33
3/29/2025 23:29:13, 3, 1, 0, 0, 334926402, -820056396, 30, 580, 20038250, 0, 5.50, 193.55, 196.46, -0.02, -3.92, -97.33
3/29/2025 23:29:14, 3, 1, 0, 0, 334926353, -820056418, 30, 584, 20189810, 0, 4.93, 192.73, 196.77, -0.02, -5.13, -97.33
3/29/2025 23:29:15, 3, 1, 0, 0, 334926304, -820056443, 30, 590, 20316904, 0, 4.34, 191.33, 194.40, -0.02, -8.77, -97.33
3/29/2025 23:29:16, 3, 1, 0, 0, 334926255, -820056466, 30, 573, 20054918, 0, 3.77, 189.78, 201.83, -0.07, 1.28, -104.65
3/29/2025 23:29:17, 3, 1, 0, 0, 334926206, -820056488, 30, 583, 20111194, 0, 3.20, 187.83, 193.33, -0.03, -7.78, -104.65
3/29/2025 23:29:18, 3, 1, 0, 0, 334926164, -820056506, 30, 455, 19981758, 0, 2.72, 185.68, 186.58, -0.00, -13.23, -104.65
3/29/2025 23:29:19, 3, 1, 0, 0, 334926120, -820056516, 30, 503, 18771104, 0, 2.22, 184.55, 185.77, -0.01, -1.94, -104.65
3/29/2025 23:29:20, 3, 1, 0, 0, 334926072, -820056523, 30, 550, 18708740, 0, 1.68, 183.79, 185.71, -0.01, -1.38, -104.65
3/29/2025 23:29:21, 3, 1, 0, 0, 334926021, -820056530, 30, 570, 18639372, 0, 9.07, 174.66, 190.38, -0.09, 3.98, -109.25
3/29/2025 23:29:22, 3, 1, 0, 0, 334925979, -820056537, 30, 430, 18851622, 0, 8.61, 173.94, 178.13, -0.02, -10.39, -109.25
3/29/2025 23:29:24, 3, 1, 0, 0, 334925909, -820056544, 30, 394, 17710004, 0, 7.85, 172.87, 172.44, 0.00, -4.66, -109.25
3/29/2025 23:29:25, 3, 1, 0, 0, 334925867, -820056538, 30, 497, 17157044, 0, 7.38, 172.85, 172.06, 0.00, 0.49, -109.25
3/29/2025 23:29:26, 3, 1, 0, 0, 334925820, -820056529, 30, 537, 17059128, 0, 6.85, 173.00, 172.13, 0.00, 1.53, -109.25
3/29/2025 23:29:27, 3, 1, 0, 0, 334925770, -820056520, 30, 561, 17119258, 0, 6.28, 173.13, 172.19, 0.01, 1.00, -109.25
3/29/2025 23:29:28, 3, 1, 0, 0, 334925719, -820056510, 30, 570, 17167564, 0, 5.71, 173.38, 172.25, 0.01, 0.58, -109.25
3/29/2025 23:29:29, 3, 1, 0, 0, 334925668, -820056502, 30, 572, 17311672, 0, 5.14, 173.47, 172.38, 0.01, -0.74, -109.25
3/29/2025 23:29:30, 3, 1, 0, 0, 334925616, -820056495, 30, 577, 17351348, 0, 4.56, 173.45, 172.50, 0.01, -1.01, -109.25
3/29/2025 23:29:31, 3, 1, 0, 0, 334925564, -820056489, 30, 580, 17437842, 0, 3.98, 173.30, 172.63, 0.00, -1.75, -109.25
3/29/2025 23:29:32, 3, 1, 0, 0, 334925511, -820056483, 30, 579, 17497586, 0, 3.38, 173.07, 173.85, -0.00, -1.13, -110.35
3/29/2025 23:29:33, 3, 1, 0, 0, 334925459, -820056478, 30, 587, 17566888, 0, 2.80, 172.59, 174.03, -0.01, -1.64, -110.35
3/29/2025 23:29:34, 3, 1, 0, 0, 334925406, -820056474, 30, 583, 17659930, 0, 2.22, 171.57, 174.16, -0.01, -2.44, -110.35
3/29/2025 23:29:35, 3, 1, 0, 0, 334925353, -820056471, 30, 584, 17713580, 0, 1.63, 169.50, 174.41, -0.03, -2.73, -110.35
3/29/2025 23:29:36, 3, 1, 0, 0, 334925301, -820056470, 30, 565, 18013684, 0, 8.90, 139.49, 172.45, -0.18, -7.68, -112.33
3/29/2025 23:29:36, 3, 1, 0, 0, 334925301, -820056470, 30, 565, 18013684, 0, 8.90, 139.49, 143.08, -0.02, -37.06, -112.33
3/29/2025 23:29:40, 3, 1, 0, 0, 334925166, -820056440, 30, 381, 14623030, 0, 7.61, 133.72, 136.83, -0.02, -9.40, -112.33
3/29/2025 23:29:41, 3, 1, 0, 0, 334925134, -820056410, 30, 478, 14029276, 0, 7.16, 133.21, 136.39, -0.02, -3.90, -112.33
3/29/2025 23:29:42, 3, 1, 0, 0, 334925100, -820056375, 30, 512, 13929358, 0, 6.67, 132.75, 136.45, -0.02, -2.84, -112.33
3/29/2025 23:29:43, 3, 1, 0, 0, 334925065, -820056341, 30, 491, 14106252, 0, 6.17, 132.08, 134.89, -0.02, -6.17, -112.33
3/29/2025 23:29:44, 3, 1, 0, 0, 334925029, -820056306, 30, 518, 13935712, 0, 5.67, 131.28, 134.95, -0.02, -4.40, -112.33
3/29/2025 23:29:45, 3, 1, 0, 0, 334924994, -820056271, 30, 503, 14083814, 0, 5.16, 130.41, 133.39, -0.02, -7.45, -112.33
3/29/2025 23:29:46, 3, 1, 0, 0, 334924959, -820056234, 30, 522, 13838478, 0, 4.65, 129.49, 133.39, -0.02, -4.99, -112.33
3/29/2025 23:29:47, 3, 1, 0, 0, 334924924, -820056199, 30, 500, 14008598, 0, 4.15, 128.20, 140.66, -0.07, 0.57, -121.53
3/29/2025 23:29:48, 3, 1, 0, 0, 334924890, -820056165, 30, 474, 13935426, 0, 3.67, 126.61, 131.66, -0.03, -7.70, -121.53
3/29/2025 23:29:49, 3, 1, 0, 0, 334924864, -820056131, 30, 406, 12868094, 0, 3.25, 125.83, 126.91, -0.01, -1.77, -121.53
3/29/2025 23:29:50, 3, 1, 0, 0, 334924840, -820056089, 30, 495, 12274498, 0, 2.78, 126.07, 126.47, -0.00, 3.73, -121.53
3/29/2025 23:29:51, 3, 1, 0, 0, 334924815, -820056043, 30, 511, 12256678, 0, 2.27, 126.74, 126.53, 0.00, 3.97, -121.53
3/29/2025 23:29:52, 3, 1, 0, 0, 334924790, -820055997, 30, 523, 12294492, 0, 1.76, 127.79, 126.60, 0.01, 3.65, -121.53
3/29/2025 23:29:53, 3, 1, 0, 0, 334924764, -820055951, 30, 499, 12421922, 0, 10.65, 98.41, 126.25, -0.15, 2.03, -121.12
3/29/2025 23:29:53, 3, 1, 0, 0, 334924764, -820055951, 30, 499, 12421922, 0, 10.65, 98.41, 101.87, -0.02, -22.35, -121.12
3/29/2025 23:29:57, 3, 1, 0, 0, 334924706, -820055825, 30, 379, 9541764, 0, 9.41, 95.56, 95.43, 0.00, 0.02, -121.12
3/29/2025 23:29:58, 3, 1, 0, 0, 334924704, -820055779, 30, 447, 9027748, 0, 8.99, 95.68, 94.81, 0.00, 4.53, -121.12
3/29/2025 23:29:59, 3, 1, 0, 0, 334924704, -820055728, 31, 480, 9087066, 0, 8.52, 96.00, 94.81, 0.01, 3.94, -121.12
3/29/2025 23:30:0, 3, 1, 0, 0, 334924703, -820055675, 31, 495, 9095690, 0, 8.03, 96.29, 95.12, 0.01, 4.16, -121.12
3/29/2025 23:30:1, 3, 1, 0, 0, 334924701, -820055622, 31, 502, 9286152, 0, 7.53, 96.53, 95.12, 0.01, 2.26, -121.12
3/29/2025 23:30:2, 3, 1, 0, 0, 334924698, -820055568, 31, 507, 9320970, 0, 7.03, 96.72, 95.25, 0.01, 2.04, -121.12
3/29/2025 23:30:3, 3, 1, 0, 0, 334924695, -820055513, 31, 513, 9375980, 0, 6.52, 96.95, 95.50, 0.01, 1.74, -121.12
3/29/2025 23:30:4, 3, 1, 0, 0, 334924691, -820055458, 31, 514, 9421642, 0, 6.01, 97.12, 95.87, 0.01, 1.65, -121.24
3/29/2025 23:30:5, 3, 1, 0, 0, 334924687, -820055403, 31, 513, 9467444, 0, 5.50, 97.32, 96.12, 0.01, 1.44, -121.24
3/29/2025 23:30:6, 3, 1, 0, 0, 334924683, -820055348, 31, 513, 9526754, 0, 4.99, 97.56, 96.31, 0.01, 1.04, -121.24
3/29/2025 23:30:7, 3, 1, 0, 0, 334924678, -820055293, 31, 515, 9596662, 0, 4.47, 97.71, 96.56, 0.01, 0.59, -121.24
3/29/2025 23:30:8, 3, 1, 0, 0, 334924672, -820055238, 31, 518, 9706578, 0, 3.96, 97.75, 96.81, 0.01, -0.26, -121.24
3/29/2025 23:30:9, 3, 1, 0, 0, 334924667, -820055182, 31, 521, 9520926, 0, 3.44, 98.00, 97.18, 0.00, 1.97, -121.24
3/29/2025 23:30:10, 3, 1, 0, 0, 334924660, -820055127, 31, 521, 9899700, 0, 2.92, 97.88, 97.43, 0.00, -1.57, -121.24
3/29/2025 23:30:11, 3, 1, 0, 0, 334924652, -820055072, 31, 520, 9968332, 0, 2.40, 97.44, 97.74, -0.00, -1.94, -121.24
3/29/2025 23:30:12, 3, 1, 0, 0, 334924644, -820055017, 31, 521, 10000480, 0, 1.89, 96.77, 97.93, -0.01, -2.07, -121.24
3/29/2025 23:30:13, 3, 1, 0, 0, 334924636, -820054969, 31, 426, 10145448, 0, 9.21, 76.38, 97.96, -0.12, -3.49, -121.15
3/29/2025 23:30:13, 3, 1, 0, 0, 334924636, -820054969, 31, 426, 10145448, 0, 9.21, 76.38, 79.71, -0.02, -21.74, -121.15
3/29/2025 23:30:16, 3, 1, 0, 0, 334924624, -820054866, 31, 350, 7942194, 0, 8.32, 73.94, 73.71, 0.00, -5.71, -121.15
3/29/2025 23:30:17, 3, 1, 0, 0, 334924634, -820054824, 31, 437, 7339116, 0, 7.92, 73.93, 73.15, 0.00, -0.24, -121.15
3/29/2025 23:30:18, 3, 1, 0, 0, 334924644, -820054776, 31, 466, 7497502, 0, 7.46, 73.80, 73.15, 0.00, -1.83, -121.15
3/29/2025 23:30:19, 3, 1, 0, 0, 334924656, -820054726, 31, 493, 7337933, 0, 6.97, 73.79, 73.21, 0.00, -0.17, -121.15
3/29/2025 23:30:20, 3, 1, 0, 0, 334924668, -820054675, 31, 501, 7525656, 0, 6.48, 73.76, 73.27, 0.00, -1.98, -121.15
3/29/2025 23:30:21, 3, 1, 0, 0, 334924679, -820054622, 31, 504, 7615651, 0, 5.98, 73.57, 73.27, 0.00, -2.88, -121.15
3/29/2025 23:30:22, 3, 1, 0, 0, 334924688, -820054569, 31, 505, 7779579, 0, 5.48, 73.12, 73.34, -0.00, -4.46, -121.15
3/29/2025 23:30:23, 3, 1, 0, 0, 334924698, -820054516, 31, 504, 7800166, 0, 4.97, 72.70, 78.10, -0.03, 0.09, -125.85
3/29/2025 23:30:24, 3, 1, 0, 0, 334924704, -820054467, 31, 444, 8179477, 0, 4.52, 71.79, 73.66, -0.01, -8.14, -125.85
3/29/2025 23:30:25, 3, 1, 0, 0, 334924715, -820054419, 31, 477, 7125866, 0, 4.06, 71.47, 72.97, -0.01, 1.71, -125.85
3/29/2025 23:30:26, 3, 1, 0, 0, 334924729, -820054369, 31, 492, 7250774, 0, 3.57, 71.47, 72.97, -0.01, 0.46, -125.85
3/29/2025 23:30:27, 3, 1, 0, 0, 334924742, -820054318, 31, 501, 7289484, 0, 3.08, 71.23, 72.97, -0.01, 0.08, -125.85
3/29/2025 23:30:28, 3, 1, 0, 0, 334924755, -820054266, 31, 510, 7342055, 0, 2.57, 70.82, 73.03, -0.01, -0.39, -125.85
3/29/2025 23:30:29, 3, 1, 0, 0, 334924767, -820054213, 31, 511, 7516279, 0, 2.07, 69.84, 73.10, -0.02, -2.07, -125.85
3/29/2025 23:30:30, 3, 1, 0, 0, 334924779, -820054160, 31, 509, 7401827, 0, 1.56, 68.21, 73.10, -0.03, -0.92, -125.85
3/29/2025 23:30:31, 3, 1, 0, 0, 334924788, -820054110, 31, 462, 7851162, 0, 7.31, 51.41, 70.30, -0.10, -8.21, -126.99
3/29/2025 23:30:31, 3, 1, 0, 0, 334924788, -820054110, 31, 462, 7851162, 0, 7.31, 51.41, 54.99, -0.02, -23.52, -126.99
3/29/2025 23:30:34, 3, 1, 0, 0, 334924823, -820054013, 31, 367, 5003875, 0, 6.37, 49.09, 49.18, -0.00, -0.86, -126.99
3/29/2025 23:30:35, 3, 1, 0, 0, 334924852, -820053967, 31, 451, 4757533, 0, 5.84, 48.74, 48.93, -0.00, 1.35, -126.99
3/29/2025 23:30:36, 3, 1, 0, 0, 334924885, -820053929, 31, 478, 4879074, 0, 5.33, 49.21, 48.93, 0.00, 0.14, -126.99
3/29/2025 23:30:37, 3, 1, 0, 0, 334924926, -820053886, 31, 500, 4850796, 0, 4.73, 50.24, 49.05, 0.01, 0.54, -126.99
3/29/2025 23:30:38, 3, 1, 0, 0, 334924960, -820053843, 31, 504, 4974667, 0, 4.18, 50.73, 49.05, 0.01, -0.69, -126.99
3/29/2025 23:30:39, 3, 1, 0, 0, 334924997, -820053799, 31, 508, 5038153, 0, 3.61, 51.68, 49.11, 0.01, -1.27, -126.99
3/29/2025 23:30:40, 3, 1, 0, 0, 334925030, -820053753, 31, 510, 5111329, 0, 3.04, 52.12, 49.24, 0.02, -1.87, -126.99
3/29/2025 23:30:41, 3, 1, 0, 0, 334925065, -820053707, 31, 513, 5180556, 0, 2.47, 53.18, 49.43, 0.02, -2.38, -126.99
3/29/2025 23:30:42, 3, 1, 0, 0, 334925095, -820053660, 31, 473, 5277705, 0, 1.92, 53.35, 55.25, -0.01, 2.48, -130.63
3/29/2025 23:30:43, 3, 1, 0, 0, 334925121, -820053620, 31, 410, 5579344, 0, 11.95, 111.51, 53.09, 0.32, -2.70, -128.15
3/29/2025 23:30:43, 3, 1, 0, 0, 334925121, -820053620, 31, 410, 5579344, 0, 11.95, 111.51, 108.03, 0.02, 52.23, -128.15
3/29/2025 23:30:48, 3, 1, 0, 0, 334925150, -820053518, 31, 290, 12189404, 0, 11.21, 114.81, 118.46, -0.02, -3.43, -128.15
3/29/2025 23:30:49, 3, 1, 0, 0, 334925131, -820053488, 31, 339, 12833494, 0, 10.87, 114.42, 117.09, -0.01, -11.25, -128.15
3/29/2025 23:30:50, 3, 1, 0, 0, 334925110, -820053447, 31, 465, 12240720, 0, 10.43, 114.11, 117.78, -0.02, -4.63, -128.15
3/29/2025 23:30:51, 3, 1, 0, 0, 334925084, -820053402, 31, 476, 12336722, 0, 9.93, 113.57, 116.09, -0.01, -7.28, -128.15
3/29/2025 23:30:52, 3, 1, 0, 0, 334925057, -820053355, 31, 517, 12368798, 0, 9.41, 112.96, 116.03, -0.02, -7.66, -128.15
3/29/2025 23:30:53, 3, 1, 0, 0, 334925029, -820053305, 31, 523, 12282330, 0, 8.86, 112.28, 116.03, -0.02, -6.80, -128.15
3/29/2025 23:30:54, 3, 1, 0, 0, 334925004, -820053257, 31, 492, 12229610, 0, 8.34, 111.67, 114.37, -0.01, -7.93, -127.93
3/29/2025 23:30:55, 3, 1, 0, 0, 334924978, -820053208, 31, 523, 12206164, 0, 7.82, 110.93, 114.37, -0.02, -7.70, -127.93
3/29/2025 23:30:56, 3, 1, 0, 0, 334924952, -820053159, 31, 530, 12148324, 0, 7.29, 110.08, 114.43, -0.02, -7.05, -127.93
3/29/2025 23:30:57, 3, 1, 0, 0, 334924930, -820053113, 31, 468, 12111540, 0, 6.80, 109.38, 111.80, -0.01, -9.31, -127.93
3/29/2025 23:30:58, 3, 1, 0, 0, 334924907, -820053066, 31, 519, 11947896, 0, 6.31, 108.50, 111.80, -0.02, -7.68, -127.93
3/29/2025 23:30:59, 3, 1, 0, 0, 334924883, -820053016, 31, 524, 11956172, 0, 5.79, 107.45, 111.87, -0.02, -7.70, -127.93
3/29/2025 23:31:0, 3, 1, 0, 0, 334924861, -820052971, 31, 473, 12033094, 0, 5.31, 106.29, 108.93, -0.01, -11.40, -127.93
3/29/2025 23:31:1, 3, 1, 0, 0, 334924839, -820052922, 31, 515, 11599302, 0, 4.81, 105.01, 108.99, -0.02, -7.00, -127.93
3/29/2025 23:31:2, 3, 1, 0, 0, 334924819, -820052873, 31, 470, 11564578, 0, 4.32, 103.72, 106.99, -0.02, -8.65, -127.93
3/29/2025 23:31:3, 3, 1, 0, 0, 334924799, -820052822, 31, 514, 11481318, 0, 3.80, 102.15, 107.05, -0.03, -7.76, -127.93
3/29/2025 23:31:4, 3, 1, 0, 0, 334924780, -820052775, 31, 444, 11636730, 0, 3.34, 100.18, 111.65, -0.06, -4.72, -136.15
3/29/2025 23:31:5, 3, 1, 0, 0, 334924764, -820052732, 31, 420, 11409186, 0, 2.91, 98.12, 103.71, -0.03, -10.38, -136.15
3/29/2025 23:31:6, 3, 1, 0, 0, 334924755, -820052687, 31, 422, 10250856, 0, 2.49, 97.19, 97.83, -0.00, -4.67, -136.15
3/29/2025 23:31:7, 3, 1, 0, 0, 334924751, -820052637, 31, 481, 9588198, 0, 2.02, 97.59, 97.33, 0.00, 1.45, -136.15
3/29/2025 23:31:8, 3, 1, 0, 0, 334924747, -820052584, 31, 505, 9719742, 0, 1.53, 98.37, 97.33, 0.01, 0.14, -136.15
3/29/2025 23:31:9, 3, 1, 0, 0, 334924743, -820052534, 31, 430, 9859626, 0, 0.92, 92.77, 321.19, 0.73, 222.59, 0.00
3/29/2025 23:31:9, 3, 1, 0, 0, 334924743, -820052534, 31, 430, 9859626, 0, 10.24, 299.61, 226.72, 0.40, 128.12, -137.41
3/29/2025 23:31:9, 3, 1, 0, 0, 334924743, -820052534, 31, 430, 9859626, 0, 10.24, 299.61, 296.22, 0.02, 197.62, -137.41
3/29/2025 23:31:21, 3, 1, 0, 0, 334924667, -820052444, 31, 91, 18009580, 0, 11.39, 301.23, 307.28, -0.03, 127.19, -137.41
