Time, fixType, gnssFixOk, headVehValid, invalid_llh, Lat, Lon, SIV, groundSpeed, headingMotion, headingVehicle, distanceBetween, targetHeading, currentHeading, headingError, gpsError, averageGPSError
4/8/21438 0:0:15, 97, 0, 0, 200, 0, 0, 0, 0, 1065353216, 1486, 9269534.42, 303.75, 320.37, -0.09, -10333.16, 0.00
3/29/2025 22:35:35, 3, 1, 0, 0, 334925055, -820051325, 6, 422, 30271778, 0, 23.14, 267.85, 320.37, -0.29, 17.66, 0.00
3/29/2025 22:35:35, 3, 1, 0, 0, 334925055, -820051325, 6, 422, 30271778, 0, 23.14, 267.85, 271.31, -0.02, -31.41, 0.00
3/29/2025 22:35:40, 3, 1, 0, 0, 334925113, -820051488, 6, 314, 25859276, 0, 21.67, 266.00, 264.81, 0.01, 6.22, 0.00
3/29/2025 22:35:41, 3, 1, 0, 0, 334925102, -820051527, 11, 421, 24364414, 0, 21.30, 266.26, 264.81, 0.01, 21.17, 0.00
3/29/2025 22:35:42, 3, 1, 0, 0, 334925085, -820051580, 11, 545, 24460290, 0, 20.79, 266.69, 265.62, 0.01, 21.02, 0.00
3/29/2025 22:35:43, 3, 1, 0, 0, 334925070, -820051641, 11, 570, 24742756, 0, 20.22, 267.07, 266.50, 0.00, 19.07, 0.00
3/29/2025 22:35:44, 3, 1, 0, 0, 334925054, -820051701, 11, 578, 24670386, 0, 19.66, 267.50, 266.44, 0.01, 19.73, 0.00
3/29/2025 22:35:45, 3, 1, 0, 0, 334925041, -820051763, 13, 574, 24845556, 0, 19.08, 267.86, 266.44, 0.01, 17.98, 0.00
3/29/2025 22:35:46, 3, 1, 0, 0, 334925029, -820051825, 14, 589, 25055180, 0, 18.50, 268.21, 254.52, 0.08, 3.97, 11.92
3/29/2025 22:35:47, 3, 1, 0, 0, 334925017, -820051886, 14, 575, 25192336, 0, 17.93, 268.58, 264.83, 0.02, 12.91, 11.92
3/29/2025 22:35:48, 3, 1, 0, 0, 334925010, -820051934, 15, 368, 25221012, 0, 17.48, 268.80, 270.40, -0.01, 18.19, 11.92
3/29/2025 22:35:49, 3, 1, 0, 0, 334925014, -820051987, 15, 503, 26998650, 0, 16.99, 268.61, 270.65, -0.01, 0.66, 11.92
3/29/2025 22:35:50, 3, 1, 0, 0, 334925017, -820052047, 15, 558, 27082582, 0, 16.43, 268.45, 270.65, -0.01, -0.18, 11.92
3/29/2025 22:35:51, 3, 1, 0, 0, 334925022, -820052111, 15, 589, 27161646, 0, 15.84, 268.19, 270.65, -0.01, -0.97, 11.92
3/29/2025 22:35:52, 3, 1, 0, 0, 334925024, -820052174, 15, 583, 27177934, 0, 15.26, 268.04, 270.65, -0.01, -1.13, 11.92
3/29/2025 22:35:53, 3, 1, 0, 0, 334925027, -820052239, 15, 585, 27227292, 0, 14.66, 267.83, 270.65, -0.02, -1.63, 11.92
3/29/2025 22:35:54, 3, 1, 0, 0, 334925030, -820052303, 15, 593, 27359260, 0, 14.07, 267.60, 270.65, -0.02, -2.95, 11.92
3/29/2025 22:35:55, 3, 1, 0, 0, 334925033, -820052366, 15, 593, 27487178, 0, 13.48, 267.35, 270.65, -0.02, -4.23, 11.92
3/29/2025 22:35:56, 3, 1, 0, 0, 334925037, -820052429, 15, 582, 27675654, 0, 12.90, 267.03, 268.20, -0.01, -8.55, 14.36
3/29/2025 22:35:57, 3, 1, 0, 0, 334925044, -820052493, 15, 602, 27814424, 0, 12.31, 266.53, 268.20, -0.01, -9.94, 14.36
3/29/2025 22:35:58, 3, 1, 0, 0, 334925050, -820052556, 15, 583, 27702990, 0, 11.73, 266.03, 268.20, -0.01, -8.83, 14.36
3/29/2025 22:35:59, 3, 1, 0, 0, 334925055, -820052618, 15, 579, 27767392, 0, 11.16, 265.54, 268.20, -0.01, -9.47, 14.36
3/29/2025 22:36:0, 3, 1, 0, 0, 334925062, -820052680, 15, 567, 27724954, 0, 10.60, 264.88, 268.20, -0.02, -9.05, 14.36
3/29/2025 22:36:2, 3, 1, 0, 0, 334925080, -820052803, 16, 573, 28052768, 0, 9.48, 263.06, 268.20, -0.03, -12.32, 14.36
3/29/2025 22:36:3, 3, 1, 0, 0, 334925087, -820052859, 17, 506, 27706472, 0, 8.98, 262.17, 263.89, -0.01, -13.17, 14.36
3/29/2025 22:36:4, 3, 1, 0, 0, 334925092, -820052917, 17, 558, 27615894, 0, 8.45, 261.30, 263.08, -0.01, -13.08, 14.36
3/29/2025 22:36:5, 3, 1, 0, 0, 334925098, -820052977, 17, 577, 27786186, 0, 7.92, 260.21, 262.89, -0.01, -14.97, 14.36
3/29/2025 22:36:6, 3, 1, 0, 0, 334925103, -820053038, 18, 581, 27795558, 0, 7.37, 259.04, 262.89, -0.02, -15.06, 14.36
3/29/2025 22:36:7, 3, 1, 0, 0, 334925108, -820053096, 18, 560, 27600448, 0, 6.85, 257.73, 272.34, -0.08, -3.67, 2.91
3/29/2025 22:36:8, 3, 1, 0, 0, 334925111, -820053146, 18, 448, 27674242, 0, 6.41, 256.55, 261.21, -0.03, -15.53, 2.91
3/29/2025 22:36:9, 3, 1, 0, 0, 334925110, -820053193, 21, 495, 26481908, 0, 5.98, 255.69, 255.90, -0.00, -8.92, 2.91
3/29/2025 22:36:10, 3, 1, 0, 0, 334925102, -820053247, 22, 543, 25902670, 0, 5.48, 255.29, 255.40, -0.00, -3.63, 2.91
3/29/2025 22:36:11, 3, 1, 0, 0, 334925093, -820053307, 22, 584, 26118136, 0, 4.91, 254.77, 255.40, -0.00, -5.78, 2.91
3/29/2025 22:36:12, 3, 1, 0, 0, 334925085, -820053368, 22, 574, 26226970, 0, 4.34, 253.95, 255.40, -0.01, -6.87, 2.91
3/29/2025 22:36:13, 3, 1, 0, 0, 334925079, -820053429, 22, 582, 26462066, 0, 3.78, 252.55, 255.40, -0.02, -9.22, 2.91
3/29/2025 22:36:14, 3, 1, 0, 0, 334925073, -820053491, 22, 583, 26384130, 0, 3.22, 250.61, 255.40, -0.03, -8.44, 2.91
3/29/2025 22:36:15, 3, 1, 0, 0, 334925069, -820053548, 22, 510, 26628478, 0, 2.71, 247.78, 251.59, -0.02, -14.70, 2.91
3/29/2025 22:36:16, 3, 1, 0, 0, 334925062, -820053603, 22, 509, 26104390, 0, 2.21, 244.64, 249.09, -0.02, -11.96, 2.91
3/29/2025 22:36:17, 3, 1, 0, 0, 334925055, -820053657, 22, 502, 26102716, 0, 1.73, 239.85, 254.52, -0.08, -6.51, -5.96
3/29/2025 22:36:18, 3, 1, 0, 0, 334925046, -820053707, 28, 467, 25920002, 0, 19.03, 18.17, 249.90, 0.71, -9.30, -12.46
3/29/2025 22:36:18, 3, 1, 0, 0, 334925046, -820053707, 28, 467, 25920002, 0, 19.03, 18.17, 14.90, 0.02, -244.30, -12.46
3/29/2025 22:36:26, 3, 1, 0, 0, 334925027, -820053849, 29, 99, 30239968, 0, 19.68, 21.63, 25.90, -0.02, -276.50, -12.46
3/29/2025 22:36:27, 3, 1, 0, 0, 334925046, -820053841, 29, 321, 2505258, 0, 19.46, 21.65, 23.53, -0.01, -1.53, -12.46
3/29/2025 22:36:28, 3, 1, 0, 0, 334925074, -820053825, 29, 370, 2702744, 0, 19.11, 21.58, 23.46, -0.01, -3.56, -12.46
3/29/2025 22:36:29, 3, 1, 0, 0, 334925107, -820053803, 29, 476, 2921248, 0, 18.70, 21.42, 351.78, 0.16, 322.57, 19.22
3/29/2025 22:36:30, 3, 1, 0, 0, 334925145, -820053775, 29, 526, 3270594, 0, 18.21, 21.14, 18.03, 0.02, -14.68, 19.22
3/29/2025 22:36:32, 3, 1, 0, 0, 334925189, -820053735, 30, 234, 4951481, 0, 17.62, 20.59, 25.84, -0.03, -23.67, 19.22
3/29/2025 22:36:33, 3, 1, 0, 0, 334925201, -820053702, 30, 395, 6871944, 0, 17.39, 19.80, 21.72, -0.01, -47.00, 19.22
3/29/2025 22:36:34, 3, 1, 0, 0, 334925213, -820053662, 30, 420, 6833159, 0, 17.14, 18.78, 19.47, -0.00, -48.86, 19.22
3/29/2025 22:36:35, 3, 1, 0, 0, 334925229, -820053614, 30, 521, 6728667, 0, 16.83, 17.54, 18.34, -0.00, -48.94, 19.22
3/29/2025 22:36:37, 3, 1, 0, 0, 334925266, -820053511, 30, 542, 6514845, 0, 16.17, 14.75, 18.34, -0.02, -46.81, 19.22
3/29/2025 22:36:38, 3, 1, 0, 0, 334925285, -820053460, 30, 543, 6550536, 0, 15.85, 13.29, 18.34, -0.03, -47.16, 19.22
3/29/2025 22:36:39, 3, 1, 0, 0, 334925305, -820053412, 30, 489, 6266570, 0, 15.54, 11.89, 14.03, -0.01, -48.63, 19.22
3/29/2025 22:36:40, 3, 1, 0, 0, 334925326, -820053364, 30, 527, 6174782, 0, 15.22, 10.43, 53.81, -0.24, -7.94, -21.24
3/29/2025 22:36:40, 3, 1, 0, 0, 334925326, -820053364, 30, 527, 6174782, 0, 15.22, 10.43, 13.99, -0.02, -47.75, -21.24
3/29/2025 22:36:44, 3, 1, 0, 0, 334925414, -820053256, 30, 410, 1813434, 0, 14.10, 7.14, 7.18, -0.00, -10.95, -21.24
3/29/2025 22:36:45, 3, 1, 0, 0, 334925454, -820053245, 30, 499, 1280840, 0, 13.65, 6.95, 6.74, 0.00, -6.07, -21.24
3/29/2025 22:36:46, 3, 1, 0, 0, 334925499, -820053233, 30, 530, 1319060, 0, 13.14, 6.73, 6.74, -0.00, -6.45, -21.24
3/29/2025 22:36:47, 3, 1, 0, 0, 334925545, -820053220, 30, 547, 1439615, 0, 12.62, 6.46, 6.74, -0.00, -7.65, -21.24
3/29/2025 22:36:48, 3, 1, 0, 0, 334925592, -820053206, 30, 557, 1535031, 0, 12.08, 6.13, 6.74, -0.00, -8.61, -21.24
3/29/2025 22:36:49, 3, 1, 0, 0, 334925639, -820053192, 30, 547, 1543698, 0, 11.55, 5.76, 6.74, -0.01, -8.69, -21.24
3/29/2025 22:36:50, 3, 1, 0, 0, 334925686, -820053177, 30, 545, 1615808, 0, 11.01, 5.32, 19.50, -0.08, 3.34, -34.00
3/29/2025 22:36:51, 3, 1, 0, 0, 334925727, -820053162, 30, 467, 1897085, 0, 10.55, 4.79, 8.75, -0.02, -10.22, -34.00
3/29/2025 22:36:52, 3, 1, 0, 0, 334925765, -820053156, 30, 426, 481366, 0, 10.12, 4.68, 3.56, 0.01, -1.25, -34.00
3/29/2025 22:36:53, 3, 1, 0, 0, 334925808, -820053156, 30, 512, 35955508, 0, 9.65, 4.91, 3.06, 0.01, -356.50, -34.00
3/29/2025 22:36:54, 3, 1, 0, 0, 334925855, -820053158, 30, 537, 451, 0, 9.13, 5.31, 3.06, 0.01, 3.05, -34.00
3/29/2025 22:36:55, 3, 1, 0, 0, 334925904, -820053159, 30, 552, 35989072, 0, 8.58, 5.70, 3.06, 0.01, -356.83, -34.00
3/29/2025 22:36:56, 3, 1, 0, 0, 334925953, -820053159, 30, 553, 166390, 0, 8.04, 6.09, 3.06, 0.02, 1.40, -34.00
3/29/2025 22:36:57, 3, 1, 0, 0, 334926002, -820053159, 30, 556, 137625, 0, 7.50, 6.53, 3.06, 0.02, 1.68, -34.00
3/29/2025 22:36:58, 3, 1, 0, 0, 334926052, -820053157, 30, 557, 250675, 0, 6.95, 6.90, 3.06, 0.02, 0.55, -34.00
3/29/2025 22:36:59, 3, 1, 0, 0, 334926100, -820053156, 30, 541, 199684, 0, 6.42, 7.39, 5.12, 0.01, 3.12, -34.00
3/29/2025 22:37:0, 3, 1, 0, 0, 334926148, -820053153, 29, 545, 589238, 0, 5.88, 7.79, 4.41, 0.02, -1.49, -33.16
3/29/2025 22:37:1, 3, 1, 0, 0, 334926197, -820053147, 29, 554, 627325, 0, 5.34, 8.00, 4.41, 0.02, -1.87, -33.16
3/29/2025 22:37:2, 3, 1, 0, 0, 334926247, -820053140, 29, 561, 799110, 0, 4.78, 8.15, 4.41, 0.02, -3.59, -33.16
3/29/2025 22:37:3, 3, 1, 0, 0, 334926296, -820053133, 29, 547, 637535, 0, 4.23, 8.33, 6.16, 0.01, -0.22, -33.16
3/29/2025 22:37:4, 3, 1, 0, 0, 334926343, -820053124, 29, 541, 1171504, 0, 3.70, 8.22, 6.16, 0.01, -5.56, -33.16
3/29/2025 22:37:5, 3, 1, 0, 0, 334926391, -820053113, 29, 543, 1161534, 0, 3.15, 7.77, 6.16, 0.01, -5.46, -33.16
3/29/2025 22:37:6, 3, 1, 0, 0, 334926439, -820053101, 29, 552, 1239045, 0, 2.61, 6.94, 6.16, 0.00, -6.23, -33.16
3/29/2025 22:37:7, 3, 1, 0, 0, 334926486, -820053089, 29, 553, 1372829, 0, 2.08, 5.63, 6.16, -0.00, -7.57, -33.16
3/29/2025 22:37:8, 3, 1, 0, 0, 334926534, -820053075, 29, 552, 1438823, 0, 1.54, 2.77, 6.16, -0.02, -8.23, -33.16
3/29/2025 22:37:9, 3, 1, 0, 0, 334926581, -820053060, 29, 534, 1522898, 0, 21.81, 288.40, 10.62, -0.46, -4.60, -37.62
3/29/2025 22:37:9, 3, 1, 0, 0, 334926581, -820053060, 29, 534, 1522898, 0, 21.81, 288.40, 291.69, -0.02, 276.46, -37.62
3/29/2025 22:37:16, 3, 1, 0, 0, 334926758, -820053107, 30, 350, 29883778, 0, 20.85, 283.64, 283.44, 0.00, -15.40, -37.62
3/29/2025 22:37:17, 3, 1, 0, 0, 334926771, -820053152, 30, 483, 28745624, 0, 20.41, 283.52, 282.56, 0.01, -4.89, -37.62
3/29/2025 22:37:18, 3, 1, 0, 0, 334926785, -820053207, 30, 550, 28706078, 0, 19.87, 283.43, 282.62, 0.00, -4.44, -37.62
3/29/2025 22:37:19, 3, 1, 0, 0, 334926800, -820053265, 30, 571, 28784004, 0, 19.31, 283.32, 282.62, 0.00, -5.22, -37.62
3/29/2025 22:37:20, 3, 1, 0, 0, 334926817, -820053323, 30, 577, 29019610, 0, 18.75, 283.14, 300.09, -0.09, 9.90, -55.09
3/29/2025 22:37:21, 3, 1, 0, 0, 334926836, -820053380, 30, 557, 29242396, 0, 18.18, 282.87, 286.53, -0.02, -5.89, -55.09
3/29/2025 22:37:23, 3, 1, 0, 0, 334926853, -820053479, 30, 512, 27329414, 0, 17.25, 282.93, 280.97, 0.01, 7.67, -55.09
3/29/2025 22:37:24, 3, 1, 0, 0, 334926855, -820053541, 30, 552, 27134946, 0, 16.68, 283.30, 280.53, 0.02, 9.18, -55.09
3/29/2025 22:37:25, 3, 1, 0, 0, 334926858, -820053605, 30, 568, 27292340, 0, 16.09, 283.67, 280.53, 0.02, 7.61, -55.09
3/29/2025 22:37:26, 3, 1, 0, 0, 334926861, -820053669, 30, 580, 27383712, 0, 15.51, 284.07, 280.53, 0.02, 6.69, -55.09
3/29/2025 22:37:27, 3, 1, 0, 0, 334926866, -820053734, 30, 582, 27502046, 0, 14.91, 284.43, 280.53, 0.02, 5.51, -55.09
3/29/2025 22:37:28, 3, 1, 0, 0, 334926873, -820053797, 30, 555, 27845188, 0, 14.33, 284.71, 282.84, 0.01, 4.39, -55.09
3/29/2025 22:37:29, 3, 1, 0, 0, 334926882, -820053860, 30, 574, 28085004, 0, 13.74, 284.92, 282.97, 0.01, 2.12, -55.09
3/29/2025 22:37:30, 3, 1, 0, 0, 334926893, -820053923, 30, 583, 28139898, 0, 13.14, 285.06, 282.97, 0.01, 1.57, -55.09
3/29/2025 22:37:31, 3, 1, 0, 0, 334926905, -820053987, 30, 589, 28268766, 0, 12.53, 285.18, 278.09, 0.04, -4.60, -50.21
3/29/2025 22:37:32, 3, 1, 0, 0, 334926915, -820054040, 30, 442, 28332974, 0, 12.03, 285.28, 285.03, 0.00, 1.70, -50.21
3/29/2025 22:37:33, 3, 1, 0, 0, 334926931, -820054094, 30, 542, 29290154, 0, 11.50, 285.08, 286.71, -0.01, -6.19, -50.21
3/29/2025 22:37:34, 3, 1, 0, 0, 334926952, -820054150, 30, 565, 29528304, 0, 10.94, 284.61, 286.71, -0.01, -8.57, -50.21
3/29/2025 22:37:35, 3, 1, 0, 0, 334926974, -820054207, 30, 566, 29501424, 0, 10.36, 284.04, 286.71, -0.01, -8.30, -50.21
3/29/2025 22:37:36, 3, 1, 0, 0, 334926996, -820054264, 30, 564, 29632010, 0, 9.79, 283.40, 286.71, -0.02, -9.61, -50.21
3/29/2025 22:37:37, 3, 1, 0, 0, 334927020, -820054320, 30, 572, 29793476, 0, 9.23, 282.53, 286.71, -0.02, -11.22, -50.21
3/29/2025 22:37:38, 3, 1, 0, 0, 334927043, -820054375, 30, 537, 29628090, 0, 8.67, 281.61, 283.96, -0.01, -12.32, -50.21
3/29/2025 22:37:39, 3, 1, 0, 0, 334927068, -820054431, 30, 571, 29784214, 0, 8.11, 280.43, 283.84, -0.02, -14.00, -50.21
3/29/2025 22:37:40, 3, 1, 0, 0, 334927093, -820054488, 30, 570, 29740012, 0, 7.54, 279.08, 283.90, -0.03, -13.50, -50.21
3/29/2025 22:37:41, 3, 1, 0, 0, 334927117, -820054540, 30, 503, 29726784, 0, 7.03, 277.55, 288.82, -0.06, -8.45, -58.88
3/29/2025 22:37:42, 3, 1, 0, 0, 334927133, -820054588, 30, 452, 29484130, 0, 6.56, 276.52, 280.63, -0.02, -14.21, -58.88
3/29/2025 22:37:43, 3, 1, 0, 0, 334927141, -820054640, 30, 512, 28381788, 0, 6.07, 276.20, 276.57, -0.00, -7.25, -58.88
3/29/2025 22:37:44, 3, 1, 0, 0, 334927149, -820054698, 30, 558, 28433168, 0, 5.53, 275.89, 276.25, -0.00, -8.08, -58.88
3/29/2025 22:37:45, 3, 1, 0, 0, 334927160, -820054759, 30, 577, 28681834, 0, 4.95, 275.15, 276.25, -0.01, -10.56, -58.88
3/29/2025 22:37:46, 3, 1, 0, 0, 334927173, -820054821, 30, 584, 28730746, 0, 4.37, 273.94, 276.25, -0.01, -11.05, -58.88
3/29/2025 22:37:47, 3, 1, 0, 0, 334927187, -820054882, 30, 579, 28900000, 0, 3.80, 272.18, 276.25, -0.02, -12.75, -58.88
3/29/2025 22:37:48, 3, 1, 0, 0, 334927201, -820054939, 30, 546, 28829800, 0, 3.27, 269.80, 273.75, -0.02, -14.54, -58.88
3/29/2025 22:37:49, 3, 1, 0, 0, 334927213, -820054996, 30, 541, 28662302, 0, 2.74, 266.98, 271.00, -0.02, -15.62, -58.88
3/29/2025 22:37:50, 3, 1, 0, 0, 334927225, -820055053, 30, 531, 28536214, 0, 2.23, 262.82, 268.19, -0.03, -17.17, -58.88
3/29/2025 22:37:51, 3, 1, 0, 0, 334927236, -820055106, 30, 500, 28435580, 0, 1.76, 256.87, 275.47, -0.10, -8.88, -70.85
3/29/2025 22:37:52, 3, 1, 0, 0, 334927244, -820055158, 30, 468, 28141416, 0, 20.97, 205.47, 269.17, -0.35, -12.25, -79.73
3/29/2025 22:37:52, 3, 1, 0, 0, 334927244, -820055158, 30, 468, 28141416, 0, 20.97, 205.47, 208.86, -0.02, -72.56, -79.73
3/29/2025 22:37:57, 3, 1, 0, 0, 334927203, -820055355, 30, 331, 22919750, 0, 19.82, 201.26, 200.73, 0.00, -28.47, -79.73
3/29/2025 22:37:58, 3, 1, 0, 0, 334927171, -820055384, 30, 466, 21351382, 0, 19.40, 200.90, 199.29, 0.01, -14.22, -79.73
3/29/2025 22:37:59, 3, 1, 0, 0, 334927129, -820055414, 30, 550, 20892552, 0, 18.86, 200.62, 199.36, 0.01, -9.57, -79.73
3/29/2025 22:38:1, 3, 1, 0, 0, 334927036, -820055480, 30, 594, 21125452, 0, 17.68, 199.94, 199.36, 0.00, -11.90, -79.73
3/29/2025 22:38:2, 3, 1, 0, 0, 334926989, -820055516, 30, 599, 21288302, 0, 17.07, 199.49, 199.36, 0.00, -13.53, -79.73
3/29/2025 22:38:3, 3, 1, 0, 0, 334926943, -820055554, 31, 596, 21468560, 0, 16.47, 198.93, 199.36, -0.00, -15.33, -79.73
3/29/2025 22:38:4, 3, 1, 0, 0, 334926898, -820055590, 31, 600, 21572660, 0, 15.89, 198.37, 220.79, -0.12, 5.07, -101.17
3/29/2025 22:38:5, 3, 1, 0, 0, 334926861, -820055622, 31, 477, 21803666, 0, 15.41, 197.81, 201.86, -0.02, -16.18, -101.17
3/29/2025 22:38:6, 3, 1, 0, 0, 334926827, -820055643, 30, 408, 20845420, 0, 14.99, 197.54, 195.29, 0.01, -13.16, -101.17
3/29/2025 22:38:7, 3, 1, 0, 0, 334926786, -820055657, 30, 511, 19471324, 0, 14.52, 197.59, 194.11, 0.02, -0.61, -101.17
3/29/2025 22:38:8, 3, 1, 0, 0, 334926740, -820055668, 30, 545, 19470236, 0, 14.00, 197.83, 193.67, 0.02, -1.03, -101.17
3/29/2025 22:38:9, 3, 1, 0, 0, 334926691, -820055681, 30, 567, 19589628, 0, 13.44, 198.05, 196.61, 0.01, 0.71, -101.17
3/29/2025 22:38:10, 3, 1, 0, 0, 334926644, -820055697, 30, 549, 20000626, 0, 12.90, 198.14, 196.67, 0.01, -3.34, -101.17
3/29/2025 22:38:11, 3, 1, 0, 0, 334926597, -820055717, 30, 572, 20235952, 0, 12.34, 198.08, 196.73, 0.01, -5.63, -101.17
3/29/2025 22:38:12, 3, 1, 0, 0, 334926549, -820055738, 30, 580, 20309202, 0, 11.78, 197.99, 196.73, 0.01, -6.36, -101.17
3/29/2025 22:38:13, 3, 1, 0, 0, 334926501, -820055762, 30, 582, 20477726, 0, 11.20, 197.75, 196.73, 0.01, -8.05, -101.17
3/29/2025 22:38:14, 3, 1, 0, 0, 334926454, -820055787, 31, 579, 20530018, 0, 10.63, 197.41, 201.58, -0.02, -3.72, -106.02
3/29/2025 22:38:15, 3, 1, 0, 0, 334926407, -820055813, 31, 586, 20727824, 0, 10.06, 196.99, 198.90, -0.01, -8.38, -106.02
3/29/2025 22:38:16, 3, 1, 0, 0, 334926361, -820055839, 31, 566, 20691540, 0, 9.50, 196.51, 198.77, -0.01, -8.14, -106.02
3/29/2025 22:38:17, 3, 1, 0, 0, 334926315, -820055865, 31, 582, 20645134, 0, 8.94, 195.96, 198.77, -0.02, -7.68, -106.02
3/29/2025 22:38:18, 3, 1, 0, 0, 334926269, -820055894, 31, 582, 20907680, 0, 8.38, 195.15, 198.77, -0.02, -10.30, -106.02
3/29/2025 22:38:19, 3, 1, 0, 0, 334926222, -820055924, 31, 595, 20915514, 0, 7.80, 194.18, 196.96, -0.02, -12.20, -106.02
3/29/2025 22:38:20, 3, 1, 0, 0, 334926177, -820055954, 31, 566, 20901974, 0, 7.25, 193.02, 196.83, -0.02, -12.18, -106.02
3/29/2025 22:38:21, 3, 1, 0, 0, 334926131, -820055984, 31, 589, 20915846, 0, 6.69, 191.68, 194.52, -0.02, -14.64, -106.02
3/29/2025 22:38:22, 3, 1, 0, 0, 334926085, -820056012, 31, 572, 20895010, 0, 6.14, 190.27, 194.15, -0.02, -14.80, -106.02
3/29/2025 22:38:23, 3, 1, 0, 0, 334926035, -820056017, 31, 595, 20802874, 0, 5.58, 190.82, 191.65, -0.00, -16.38, -106.02
4/8/21438 0:0:15, 97, 1, 0, 0, 334926035, -820056017, 31, 595, 20802874, 0, 5.58, 190.82, 201.87, -0.06, -6.16, -116.87
4/8/21442 0:0:15, 129, 1, 0, 0, 334926035, -820056017, 31, 595, 20802874, 0, 5.58, 190.82, 193.37, -0.01, -14.66, -116.87
3/29/2025 22:38:27, 3, 1, 0, 0, 334925865, -820056104, 31, 542, 19679188, 0, 3.60, 183.84, 188.80, -0.03, -7.99, -116.87
3/29/2025 22:38:28, 3, 1, 0, 0, 334925818, -820056118, 31, 533, 19393618, 0, 3.07, 182.08, 184.43, -0.01, -9.51, -116.87
3/29/2025 22:38:29, 3, 1, 0, 0, 334925768, -820056133, 31, 567, 19484928, 0, 2.51, 179.37, 183.18, -0.02, -11.67, -116.87
3/29/2025 22:38:30, 3, 1, 0, 0, 334925720, -820056145, 31, 549, 19303094, 0, 1.98, 175.98, 180.62, -0.03, -12.42, -116.87
3/29/2025 22:38:31, 3, 1, 0, 0, 334925677, -820056156, 31, 441, 19334246, 0, 23.17, 109.63, 186.52, -0.43, -6.83, -127.27
3/29/2025 22:38:31, 3, 1, 0, 0, 334925677, -820056156, 31, 441, 19334246, 0, 23.17, 109.63, 113.14, -0.02, -80.20, -127.27
3/29/2025 22:38:37, 3, 1, 0, 0, 334925515, -820056115, 31, 362, 12301310, 0, 22.26, 105.59, 104.58, 0.01, -18.43, -127.27
3/29/2025 22:38:38, 3, 1, 0, 0, 334925499, -820056074, 31, 469, 11401048, 0, 21.85, 105.41, 102.70, 0.02, -11.31, -127.27
3/29/2025 22:38:39, 3, 1, 0, 0, 334925481, -820056026, 31, 513, 11361462, 0, 21.37, 105.21, 102.20, 0.02, -11.41, -127.27
3/29/2025 22:38:40, 3, 1, 0, 0, 334925462, -820055975, 31, 533, 11468870, 0, 20.86, 104.99, 102.20, 0.02, -12.48, -127.27
3/29/2025 22:38:41, 3, 1, 0, 0, 334925442, -820055924, 31, 534, 11495278, 0, 20.34, 104.73, 124.11, -0.11, 9.16, -149.18
3/29/2025 22:38:42, 3, 1, 0, 0, 334925422, -820055876, 31, 477, 11945716, 0, 19.86, 104.43, 108.24, -0.02, -11.22, -149.18
3/29/2025 22:38:44, 3, 1, 0, 0, 334925403, -820055794, 31, 442, 9552546, 0, 19.07, 104.39, 101.93, 0.01, 6.40, -149.18
3/29/2025 22:38:45, 3, 1, 0, 0, 334925401, -820055743, 31, 493, 9148018, 0, 18.60, 104.69, 100.80, 0.02, 9.32, -149.18
3/29/2025 22:38:46, 3, 1, 0, 0, 334925399, -820055693, 31, 466, 9304298, 0, 18.15, 104.99, 102.80, 0.01, 9.76, -149.18
3/29/2025 22:38:47, 3, 1, 0, 0, 334925396, -820055642, 31, 498, 9372344, 0, 17.68, 105.28, 102.80, 0.01, 9.08, -149.18
3/29/2025 22:38:48, 3, 1, 0, 0, 334925393, -820055589, 31, 509, 9432954, 0, 17.20, 105.60, 102.80, 0.02, 8.47, -149.18
3/29/2025 22:38:49, 3, 1, 0, 0, 334925389, -820055535, 31, 519, 9565114, 0, 16.71, 105.92, 102.80, 0.02, 7.15, -149.18
3/29/2025 22:38:50, 3, 1, 0, 0, 334925385, -820055480, 31, 512, 9447842, 0, 16.20, 106.26, 102.80, 0.02, 8.32, -149.18
3/29/2025 22:38:51, 3, 1, 0, 0, 334925382, -820055426, 31, 506, 9341676, 0, 15.71, 106.66, 102.80, 0.02, 9.38, -149.18
3/29/2025 22:38:52, 3, 1, 0, 0, 334925379, -820055373, 31, 493, 9543046, 0, 15.23, 107.07, 98.19, 0.05, 2.76, -142.57
3/29/2025 22:38:53, 3, 1, 0, 0, 334925376, -820055331, 31, 346, 9554692, 0, 14.85, 107.39, 106.38, 0.01, 10.83, -142.57
3/29/2025 22:38:54, 3, 1, 0, 0, 334925367, -820055284, 31, 468, 10695698, 0, 14.41, 107.52, 109.32, -0.01, 2.36, -142.57
3/29/2025 22:38:55, 3, 1, 0, 0, 334925354, -820055231, 31, 526, 10857176, 0, 13.89, 107.57, 110.07, -0.01, 1.49, -142.57
3/29/2025 22:38:56, 3, 1, 0, 0, 334925339, -820055176, 31, 541, 10886524, 0, 13.36, 107.54, 110.38, -0.02, 1.51, -142.57
3/29/2025 22:38:57, 3, 1, 0, 0, 334925324, -820055122, 31, 534, 10975998, 0, 12.83, 107.51, 110.38, -0.02, 0.62, -142.57
3/29/2025 22:38:58, 3, 1, 0, 0, 334925308, -820055069, 31, 536, 10966982, 0, 12.31, 107.41, 110.38, -0.02, 0.71, -142.57
3/29/2025 22:38:59, 3, 1, 0, 0, 334925293, -820055014, 31, 528, 10894120, 0, 11.77, 107.37, 110.38, -0.02, 1.44, -142.57
3/29/2025 22:39:0, 3, 1, 0, 0, 334925279, -820054962, 31, 506, 10929818, 0, 11.26, 107.35, 110.19, -0.02, 0.89, -142.57
3/29/2025 22:39:1, 3, 1, 0, 0, 334925266, -820054910, 31, 500, 10892040, 0, 10.76, 107.38, 110.19, -0.02, 1.27, -142.57
3/29/2025 22:39:2, 3, 1, 0, 0, 334925253, -820054858, 31, 491, 10782682, 0, 10.26, 107.42, 110.19, -0.02, 2.36, -142.57
3/29/2025 22:39:3, 3, 1, 0, 0, 334925240, -820054805, 31, 497, 10865944, 0, 9.74, 107.47, 107.81, -0.00, -0.85, -140.18
3/29/2025 22:39:4, 3, 1, 0, 0, 334925227, -820054752, 31, 498, 10784484, 0, 9.23, 107.53, 107.81, -0.00, -0.04, -140.18
3/29/2025 22:39:5, 3, 1, 0, 0, 334925215, -820054700, 31, 492, 10679308, 0, 8.73, 107.65, 107.81, -0.00, 1.01, -140.18
3/29/2025 22:39:6, 3, 1, 0, 0, 334925204, -820054648, 31, 497, 10463748, 0, 8.23, 107.86, 107.81, 0.00, 3.17, -140.18
3/29/2025 22:39:7, 3, 1, 0, 0, 334925193, -820054595, 31, 503, 10389894, 0, 7.73, 108.11, 107.81, 0.00, 3.91, -140.18
3/29/2025 22:39:8, 3, 1, 0, 0, 334925183, -820054541, 31, 514, 10324074, 0, 7.22, 108.51, 107.81, 0.00, 4.57, -140.18
3/29/2025 22:39:9, 3, 1, 0, 0, 334925173, -820054487, 31, 526, 10215808, 0, 6.71, 108.96, 107.81, 0.01, 5.65, -140.18
3/29/2025 22:39:10, 3, 1, 0, 0, 334925163, -820054431, 31, 528, 10237138, 0, 6.18, 109.55, 107.81, 0.01, 5.44, -140.18
3/29/2025 22:39:11, 3, 1, 0, 0, 334925153, -820054375, 31, 541, 10238384, 0, 5.66, 110.25, 107.81, 0.01, 5.42, -140.18
3/29/2025 22:39:12, 3, 1, 0, 0, 334925143, -820054317, 31, 536, 10262344, 0, 5.11, 111.17, 107.81, 0.02, 5.18, -140.18
3/29/2025 22:39:13, 3, 1, 0, 0, 334925133, -820054259, 31, 544, 10276154, 0, 4.57, 112.30, 104.46, 0.04, 1.70, -136.84
3/29/2025 22:39:14, 3, 1, 0, 0, 334925127, -820054210, 31, 414, 9836224, 0, 4.13, 113.84, 112.27, 0.01, 13.91, -136.84
3/29/2025 22:39:15, 3, 1, 0, 0, 334925114, -820054162, 31, 478, 11229464, 0, 3.66, 114.59, 115.09, -0.00, 2.79, -136.84
3/29/2025 22:39:16, 3, 1, 0, 0, 334925096, -820054111, 31, 515, 11372152, 0, 3.15, 114.86, 115.90, -0.01, 2.18, -136.84
3/29/2025 22:39:17, 3, 1, 0, 0, 334925077, -820054058, 31, 524, 11357626, 0, 2.61, 115.18, 116.21, -0.01, 2.63, -136.84
3/29/2025 22:39:18, 3, 1, 0, 0, 334925056, -820054005, 31, 533, 11441542, 0, 2.07, 115.12, 116.27, -0.01, 1.86, -136.84
3/29/2025 22:39:19, 3, 1, 0, 0, 334925035, -820053952, 31, 534, 11625820, 0, 1.53, 115.02, 116.27, -0.01, 0.01, -136.84
3/29/2025 22:39:20, 3, 1, 0, 0, 334925015, -820053906, 31, 447, 11772450, 0, 19.63, 106.22, 112.70, -0.04, -5.03, -133.26
3/29/2025 22:39:21, 3, 1, 0, 0, 334924999, -820053873, 31, 320, 12257668, 0, 19.29, 105.97, 107.82, -0.01, -14.75, -133.26
3/29/2025 22:39:22, 3, 1, 0, 0, 334924984, -820053833, 31, 433, 11206346, 0, 18.88, 105.79, 105.95, -0.00, -6.12, -133.26
3/29/2025 22:39:23, 3, 1, 0, 0, 334924969, -820053785, 31, 503, 11022846, 0, 18.41, 105.67, 105.95, -0.00, -4.28, -133.26
3/29/2025 22:39:24, 3, 1, 0, 0, 334924953, -820053733, 31, 524, 11150868, 0, 17.90, 105.54, 105.95, -0.00, -5.56, -133.26
3/29/2025 22:39:25, 3, 1, 0, 0, 334924935, -820053679, 31, 541, 11276856, 0, 17.36, 105.34, 105.95, -0.00, -6.82, -133.26
3/29/2025 22:39:26, 3, 1, 0, 0, 334924916, -820053624, 31, 546, 11299592, 0, 16.81, 105.11, 105.95, -0.00, -7.05, -133.26
3/29/2025 22:39:27, 3, 1, 0, 0, 334924897, -820053569, 31, 549, 11365172, 0, 16.27, 104.86, 105.95, -0.01, -7.70, -133.26
3/29/2025 22:39:28, 3, 1, 0, 0, 334924877, -820053514, 31, 553, 11460876, 0, 15.72, 104.55, 105.95, -0.01, -8.66, -133.26
3/29/2025 22:39:29, 3, 1, 0, 0, 334924857, -820053458, 31, 555, 11527284, 0, 15.16, 104.23, 105.95, -0.01, -9.33, -133.26
3/29/2025 22:39:30, 3, 1, 0, 0, 334924834, -820053404, 31, 558, 11636532, 0, 14.61, 103.74, 113.48, -0.05, -2.89, -140.79
3/29/2025 22:39:31, 3, 1, 0, 0, 334924811, -820053355, 31, 508, 11957530, 0, 14.11, 103.17, 105.54, -0.01, -14.04, -140.79
3/29/2025 22:39:32, 3, 1, 0, 0, 334924795, -820053307, 31, 481, 10855610, 0, 13.63, 102.87, 101.79, 0.01, -6.77, -140.79
3/29/2025 22:39:33, 3, 1, 0, 0, 334924781, -820053256, 31, 519, 10633594, 0, 13.14, 102.67, 100.91, 0.01, -5.42, -140.79
3/29/2025 22:39:34, 3, 1, 0, 0, 334924768, -820053202, 31, 540, 10613098, 0, 12.62, 102.52, 100.85, 0.01, -5.28, -140.79
3/29/2025 22:39:35, 3, 1, 0, 0, 334924754, -820053145, 31, 557, 10564004, 0, 12.07, 102.35, 100.85, 0.01, -4.79, -140.79
3/29/2025 22:39:36, 3, 1, 0, 0, 334924740, -820053089, 31, 546, 10760960, 0, 11.53, 102.14, 100.85, 0.01, -6.76, -140.79
3/29/2025 22:39:37, 3, 1, 0, 0, 334924725, -820053033, 31, 555, 10867292, 0, 10.99, 101.86, 100.85, 0.01, -7.82, -140.79
3/29/2025 22:39:38, 3, 1, 0, 0, 334924709, -820052976, 31, 552, 10972534, 0, 10.43, 101.50, 100.85, 0.00, -8.87, -140.79
3/29/2025 22:39:39, 3, 1, 0, 0, 334924692, -820052919, 31, 553, 10960434, 0, 9.88, 101.04, 100.85, 0.00, -8.75, -140.79
3/29/2025 22:39:40, 3, 1, 0, 0, 334924675, -820052863, 31, 557, 11058690, 0, 9.33, 100.51, 107.99, -0.04, -2.60, -147.93
3/29/2025 22:39:41, 3, 1, 0, 0, 334924657, -820052809, 31, 522, 11263970, 0, 8.80, 99.82, 101.11, -0.01, -11.53, -147.93
3/29/2025 22:39:42, 3, 1, 0, 0, 334924644, -820052757, 31, 500, 10266334, 0, 8.30, 99.41, 99.24, 0.00, -3.42, -147.93
3/29/2025 22:39:43, 3, 1, 0, 0, 334924634, -820052703, 31, 532, 10197064, 0, 7.79, 99.20, 99.11, 0.00, -2.86, -147.93
3/29/2025 22:39:44, 3, 1, 0, 0, 334924623, -820052649, 31, 535, 10340446, 0, 7.28, 98.88, 99.11, -0.00, -4.29, -147.93
3/29/2025 22:39:45, 3, 1, 0, 0, 334924612, -820052594, 31, 543, 10305704, 0, 6.75, 98.52, 99.11, -0.00, -3.94, -147.93
3/29/2025 22:39:46, 3, 1, 0, 0, 334924600, -820052538, 31, 549, 10332148, 0, 6.22, 98.02, 99.11, -0.01, -4.21, -147.93
3/29/2025 22:39:47, 3, 1, 0, 0, 334924587, -820052481, 31, 563, 10388032, 0, 5.68, 97.32, 99.11, -0.01, -4.77, -147.93
3/29/2025 22:39:48, 3, 1, 0, 0, 334924575, -820052423, 31, 555, 10469654, 0, 5.13, 96.60, 99.11, -0.01, -5.58, -147.93
