Time, fixType, gnssFixOk, headVehValid, invalid_llh, Lat, Lon, SIV, groundSpeed, headingMotion, headingVehicle, distanceBetween, targetHeading, currentHeading, headingError, gpsError, averageGPSError
4/8/4560 0:0:11, 97, 196, 23, 0, 0, 0, 239, 604036144, 134501441, 11, 9269521.42, 303.75, 1.75, -0.32, -1343.26, 0.00
4/8/4560 0:0:11, 97, 196, 23, 200, 0, 0, 239, 604036144, 134501441, 1900, 9269521.42, 303.75, 307.06, -0.02, -1037.95, 0.00
3/7/2025 20:42:24, 0, 0, 0, 0, 0, 0, 0, 0, 0, 0, 9269521.42, 303.75, 299.19, 0.03, 299.19, 0.00
3/7/2025 20:42:25, 0, 0, 0, 0, 0, 0, 0, 0, 0, 0, 9269521.42, 303.75, 298.56, 0.03, 298.56, 0.00
3/7/2025 20:42:26, 0, 0, 0, 0, 0, 0, 0, 0, 0, 0, 9269521.42, 303.75, 298.81, 0.03, 298.81, 0.00
3/7/2025 20:42:27, 0, 0, 0, 0, 0, 0, 0, 0, 0, 0, 9269521.42, 303.75, 299.50, 0.02, 299.50, 0.00
3/7/2025 20:42:28, 0, 0, 0, 0, 0, 0, 0, 0, 0, 0, 9269521.42, 303.75, 300.12, 0.02, 300.12, 0.00
3/7/2025 20:42:29, 0, 0, 0, 0, 0, 0, 0, 0, 0, 0, 9269521.42, 303.75, 300.44, 0.02, 300.44, 0.00
3/7/2025 20:42:31, 3, 1, 0, 0, 334924710, -820051249, 7, 199, 30183710, 0, 11.01, 271.68, 300.62, -0.16, -1.21, 0.00
3/7/2025 20:42:31, 3, 1, 0, 0, 334924710, -820051249, 7, 199, 30183710, 0, 11.01, 271.68, 229.71, 0.23, -72.13, 45.29
3/7/2025 20:42:31, 3, 1, 0, 200, 334924710, -820051249, 7, 199, 30183710, 1900, 11.01, 271.68, 268.27, 0.02, -33.57, 45.29
3/7/2025 20:42:38, 3, 1, 0, 0, 334924773, -820051446, 7, 806, 31991472, 0, 9.18, 267.64, 275.21, -0.04, -44.71, 45.29
3/7/2025 20:42:39, 3, 1, 0, 0, 334924826, -820051500, 7, 796, 32104236, 0, 8.73, 263.63, 269.08, -0.03, -51.96, 45.29
3/7/2025 20:42:40, 3, 1, 0, 0, 334924878, -820051562, 7, 766, 31278766, 0, 8.24, 259.19, 263.46, -0.02, -49.33, 45.29
3/7/2025 20:42:41, 3, 1, 0, 0, 334924918, -820051655, 13, 1028, 30457384, 0, 7.50, 254.61, 259.65, -0.03, -44.93, 45.29
3/7/2025 20:42:42, 3, 1, 0, 0, 334924960, -820051738, 13, 919, 30604188, 0, 6.92, 249.18, 255.08, -0.03, -50.96, 45.29
3/7/2025 20:42:43, 3, 1, 0, 0, 334924999, -820051818, 13, 838, 30132988, 0, 6.41, 243.19, 249.71, -0.04, -51.62, 45.29
3/7/2025 20:42:44, 3, 1, 0, 0, 334925021, -820051899, 13, 798, 29359216, 0, 5.88, 237.75, 295.13, -0.32, 1.54, -4.57
3/7/2025 20:42:44, 3, 1, 0, 200, 334925021, -820051899, 13, 798, 29359216, 1900, 5.88, 237.75, 241.07, -0.02, -52.52, -4.57
3/7/2025 20:42:49, 3, 1, 0, 0, 334925049, -820052144, 17, 283, 24735298, 0, 4.38, 218.06, 231.82, -0.08, -15.54, -4.57
3/7/2025 20:42:50, 3, 1, 0, 0, 334925005, -820052205, 17, 925, 22619572, 0, 3.65, 215.80, 221.50, -0.03, -4.69, -4.57
3/7/2025 20:42:52, 3, 1, 0, 0, 334924911, -820052303, 17, 644, 21218148, 0, 2.27, 212.62, 213.50, -0.00, 1.32, -4.57
3/7/2025 20:42:53, 3, 1, 0, 0, 334924832, -820052353, 17, 1108, 20566198, 0, 1.28, 216.33, 211.07, 0.03, 5.41, -4.57
3/7/2025 20:42:54, 3, 1, 0, 0, 334924755, -820052398, 17, 840, 20471314, 0, 11.30, 295.86, 223.62, 0.40, 18.91, -14.75
3/7/2025 20:42:54, 3, 1, 0, 200, 334924755, -820052398, 17, 840, 20471314, 1900, 11.30, 295.86, 292.37, 0.02, 87.66, -14.75
3/7/2025 20:43:1, 3, 1, 0, 0, 334924620, -820052645, 17, 935, 28432928, 0, 10.17, 309.23, 300.50, 0.05, 16.17, -14.75
3/7/2025 20:43:2, 3, 1, 0, 0, 334924640, -820052725, 17, 655, 29096492, 0, 9.46, 311.03, 306.00, 0.03, 15.03, -14.75
3/7/2025 20:43:3, 3, 1, 0, 0, 334924673, -820052804, 18, 890, 29874392, 0, 8.66, 312.38, 313.12, -0.00, 14.38, -14.75
3/7/2025 20:43:4, 3, 1, 0, 0, 334924718, -820052919, 18, 1180, 29818690, 0, 7.55, 315.03, 313.69, 0.01, 15.50, -14.75
3/7/2025 20:43:5, 3, 1, 0, 0, 334924768, -820053049, 18, 1264, 29710316, 0, 6.32, 319.20, 287.12, 0.18, -9.98, 11.38
3/7/2025 20:43:5, 3, 1, 0, 200, 334924768, -820053049, 18, 1264, 29710316, 1900, 6.32, 319.20, 315.75, 0.02, 18.64, 11.38
3/7/2025 20:43:9, 3, 1, 0, 0, 334924925, -820053285, 18, 854, 33142564, 0, 3.60, 327.44, 322.00, 0.03, -9.43, 11.38
3/7/2025 20:43:10, 3, 1, 0, 0, 334924994, -820053324, 21, 829, 33515482, 0, 2.76, 325.20, 326.62, -0.01, -8.53, 11.38
3/7/2025 20:43:11, 3, 1, 0, 0, 334925081, -820053378, 21, 1155, 33853608, 0, 1.69, 320.42, 327.00, -0.04, -11.54, 11.38
3/7/2025 20:43:12, 3, 1, 0, 0, 334925162, -820053418, 23, 884, 34033032, 0, 8.09, 27.68, 326.84, 0.34, -13.49, 7.10
3/7/2025 20:43:12, 3, 1, 0, 200, 334925162, -820053418, 23, 884, 34033032, 1900, 8.09, 27.68, 24.22, 0.02, -316.11, 7.10
3/7/2025 20:43:18, 3, 1, 0, 0, 334925421, -820053451, 24, 885, 3369440, 0, 5.90, 43.49, 31.97, 0.06, -1.73, 7.10
3/7/2025 20:43:19, 3, 1, 0, 0, 334925478, -820053401, 25, 747, 3932442, 0, 5.12, 44.61, 40.03, 0.03, 0.70, 7.10
3/7/2025 20:43:20, 3, 1, 0, 0, 334925520, -820053356, 25, 625, 4642421, 0, 4.50, 45.00, 42.97, 0.01, -3.46, 7.10
3/7/2025 20:43:21, 3, 1, 0, 0, 334925582, -820053276, 25, 1153, 4749722, 0, 3.49, 44.40, 42.34, 0.01, -5.16, 7.10
3/7/2025 20:43:22, 3, 1, 0, 0, 334925658, -820053176, 25, 1284, 4773578, 0, 2.24, 42.57, 41.59, 0.01, -6.15, 7.10
3/7/2025 20:43:23, 3, 1, 0, 0, 334925739, -820053075, 25, 1283, 4601510, 0, 0.94, 37.66, 38.88, -0.01, -7.13, 8.68
3/7/2025 20:43:24, 3, 1, 0, 0, 334925817, -820052983, 25, 1209, 4542722, 0, 5.82, 8.62, 45.14, -0.20, -0.29, 1.55
3/7/2025 20:43:24, 3, 1, 0, 200, 334925817, -820052983, 25, 1209, 4542722, 1900, 5.82, 8.62, 12.02, -0.02, -33.41, 1.55
3/7/2025 20:43:28, 3, 1, 0, 0, 334925972, -820052834, 25, 389, 2477720, 0, 4.06, 352.78, 3.58, -0.06, -21.20, 1.55
3/7/2025 20:43:29, 3, 1, 0, 0, 334926048, -820052824, 25, 1045, 437194, 0, 3.24, 349.27, 356.20, -0.04, 351.83, 1.55
3/7/2025 20:43:30, 3, 1, 0, 0, 334926119, -820052820, 25, 669, 113256, 0, 2.48, 345.02, 348.77, -0.02, 347.63, 1.55
3/7/2025 20:43:31, 3, 1, 0, 0, 334926190, -820052831, 25, 845, 35054172, 0, 1.69, 341.43, 346.83, -0.03, -3.71, 1.55
3/7/2025 20:43:32, 3, 1, 0, 0, 334926286, -820052855, 25, 1183, 34724776, 0, 6.80, 356.25, 356.78, -0.00, 9.54, -11.60
3/7/2025 20:43:33, 3, 1, 0, 0, 334926362, -820052878, 26, 734, 34505464, 0, 5.94, 357.76, 356.72, 0.01, 11.67, -11.60
3/7/2025 20:43:34, 3, 1, 0, 0, 334926439, -820052904, 26, 952, 34533340, 0, 5.08, 0.10, 356.41, 0.02, 11.07, -11.60
3/7/2025 20:43:35, 3, 1, 0, 0, 334926537, -820052937, 26, 1214, 34397512, 0, 4.01, 4.52, 358.03, 0.04, 14.06, -11.60
3/7/2025 20:43:36, 3, 1, 0, 0, 334926642, -820052967, 26, 1199, 34685172, 0, 2.89, 11.87, 2.85, 0.05, -344.01, -11.60
3/7/2025 20:43:37, 3, 1, 0, 0, 334926724, -820052987, 26, 835, 35066460, 0, 2.07, 22.16, 9.85, 0.07, -340.82, -11.60
3/7/2025 20:43:38, 3, 1, 0, 0, 334926788, -820052997, 26, 669, 35488856, 0, 1.48, 35.97, 19.47, 0.09, -335.42, -11.60
3/7/2025 20:43:39, 3, 1, 0, 0, 334926843, -820052997, 27, 595, 363062, 0, 6.06, 340.12, 17.44, -0.21, 13.81, 3.56
3/7/2025 20:43:39, 3, 1, 0, 200, 334926843, -820052997, 27, 595, 363062, 1900, 6.06, 340.12, 343.44, -0.02, 339.81, 3.56
3/7/2025 20:43:44, 3, 1, 0, 0, 334927034, -820052957, 27, 442, 35091528, 0, 4.32, 325.76, 335.44, -0.05, -15.47, 3.56
3/7/2025 20:43:45, 3, 1, 0, 0, 334927106, -820052983, 28, 996, 33971540, 0, 3.53, 321.68, 329.26, -0.04, -10.46, 3.56
3/7/2025 20:43:46, 3, 1, 0, 0, 334927171, -820053010, 29, 644, 33844568, 0, 2.82, 316.55, 321.94, -0.03, -16.50, 3.56
3/7/2025 20:43:47, 3, 1, 0, 0, 334927235, -820053054, 29, 898, 32487544, 0, 2.03, 311.09, 316.69, -0.03, -8.18, 3.56
3/7/2025 20:43:48, 3, 1, 0, 0, 334927304, -820053115, 29, 973, 32119550, 0, 1.12, 300.46, 311.44, -0.06, -9.75, 3.56
3/7/2025 20:43:49, 3, 1, 0, 0, 334927362, -820053167, 29, 991, 31531994, 0, 5.83, 299.35, 313.62, -0.08, -1.70, -6.06
3/7/2025 20:43:50, 3, 1, 0, 0, 334927407, -820053216, 30, 611, 31378550, 0, 5.19, 297.00, 302.81, -0.03, -10.98, -6.06
3/7/2025 20:43:51, 3, 1, 0, 0, 334927438, -820053249, 30, 432, 31024346, 0, 4.77, 294.97, 295.62, -0.00, -14.62, -6.06
3/7/2025 20:43:53, 3, 1, 0, 0, 334927506, -820053429, 30, 1165, 28973602, 0, 2.94, 295.35, 294.62, 0.00, 4.88, -6.06
3/7/2025 20:43:54, 3, 1, 0, 0, 334927558, -820053537, 30, 1225, 28905348, 0, 1.79, 292.34, 294.00, -0.01, 4.94, -6.06
3/7/2025 20:43:55, 3, 1, 0, 0, 334927586, -820053622, 30, 749, 29128086, 0, 7.26, 273.86, 297.48, -0.13, 6.20, -9.55
3/7/2025 20:43:55, 3, 1, 0, 200, 334927586, -820053622, 30, 749, 29128086, 1900, 7.26, 273.86, 277.30, -0.02, -13.98, -9.55
3/7/2025 20:43:58, 3, 1, 0, 0, 334927628, -820053765, 30, 560, 27417210, 0, 5.92, 270.22, 269.98, 0.00, -4.19, -9.55
3/7/2025 20:43:59, 3, 1, 0, 0, 334927621, -820053856, 30, 1059, 26203168, 0, 5.07, 271.13, 269.05, 0.01, 7.01, -9.55
3/7/2025 20:44:0, 3, 1, 0, 0, 334927606, -820053976, 30, 1168, 26209198, 0, 3.97, 273.86, 268.48, 0.03, 6.39, -9.55
3/7/2025 20:44:1, 3, 1, 0, 0, 334927592, -820054085, 30, 1004, 26086504, 0, 2.98, 278.15, 272.11, 0.03, 11.24, -9.55
3/7/2025 20:44:2, 3, 1, 0, 0, 334927581, -820054182, 30, 862, 26612338, 0, 2.12, 284.89, 276.92, 0.04, 10.80, -9.55
3/7/2025 20:44:3, 3, 1, 0, 0, 334927579, -820054271, 30, 821, 27085324, 0, 1.35, 294.86, 283.17, 0.06, 12.32, -9.55
3/7/2025 20:44:4, 3, 1, 0, 0, 334927585, -820054348, 30, 664, 27883132, 0, 7.68, 258.39, 287.85, -0.16, 9.02, -5.03
3/7/2025 20:44:4, 3, 1, 0, 200, 334927585, -820054348, 30, 664, 27883132, 1900, 7.68, 258.39, 261.78, -0.02, -17.05, -5.03
3/7/2025 20:44:8, 3, 1, 0, 0, 334927615, -820054519, 30, 603, 25612330, 0, 6.23, 252.43, 253.72, -0.01, -2.40, -5.03
3/7/2025 20:44:9, 3, 1, 0, 0, 334927586, -820054611, 30, 1035, 24869976, 0, 5.32, 252.97, 252.41, 0.00, 3.71, -5.03
3/7/2025 20:44:10, 3, 1, 0, 0, 334927546, -820054721, 30, 1143, 24717834, 0, 4.21, 254.69, 251.28, 0.02, 4.11, -5.03
3/7/2025 20:44:11, 3, 1, 0, 0, 334927503, -820054837, 30, 1163, 24631096, 0, 3.05, 258.02, 250.66, 0.04, 4.35, -5.03
3/7/2025 20:44:12, 3, 1, 0, 0, 334927465, -820054933, 30, 881, 24499692, 0, 2.11, 264.24, 255.53, 0.05, 10.54, -5.03
3/7/2025 20:44:13, 3, 1, 0, 0, 334927442, -820055000, 30, 597, 25333134, 0, 1.48, 271.73, 263.78, 0.04, 10.45, -5.03
3/7/2025 20:44:14, 3, 1, 0, 0, 334927431, -820055062, 30, 624, 26024422, 0, 7.43, 232.28, 267.71, -0.20, 7.47, -2.15
3/7/2025 20:44:14, 3, 1, 0, 200, 334927431, -820055062, 30, 624, 26024422, 1900, 7.43, 232.28, 235.65, -0.02, -24.59, -2.15
3/7/2025 20:44:18, 3, 1, 0, 0, 334927432, -820055206, 30, 255, 25214118, 0, 6.44, 224.90, 226.90, -0.01, -25.24, -2.15
3/7/2025 20:44:19, 3, 1, 0, 0, 334927389, -820055261, 30, 907, 22399974, 0, 5.74, 224.67, 225.28, -0.00, 1.28, -2.15
3/7/2025 20:44:20, 3, 1, 0, 0, 334927321, -820055337, 30, 1095, 22265736, 0, 4.71, 225.04, 223.84, 0.01, 1.18, -2.15
3/7/2025 20:44:21, 3, 1, 0, 0, 334927245, -820055417, 30, 1138, 22153400, 0, 3.58, 226.22, 222.28, 0.02, 0.74, -2.15
3/7/2025 20:44:22, 3, 1, 0, 0, 334927165, -820055496, 30, 1133, 21899810, 0, 2.44, 229.39, 224.09, 0.03, 5.09, -2.15
3/7/2025 20:44:23, 3, 1, 0, 0, 334927093, -820055569, 30, 1004, 22128400, 0, 1.42, 236.16, 227.59, 0.05, 6.30, -2.15
3/7/2025 20:44:24, 3, 1, 0, 0, 334927035, -820055633, 30, 824, 22556312, 0, 7.96, 231.13, 236.39, -0.03, 10.83, -5.52
3/7/2025 20:44:25, 3, 1, 0, 0, 334926997, -820055681, 30, 514, 22863196, 0, 7.35, 231.52, 231.58, -0.00, 2.95, -5.52
3/7/2025 20:44:26, 3, 1, 0, 0, 334926965, -820055724, 30, 575, 22958866, 0, 6.81, 231.78, 228.70, 0.02, -0.89, -5.52
3/7/2025 20:44:27, 3, 1, 0, 0, 334926909, -820055789, 30, 1015, 22232806, 0, 5.95, 232.89, 226.52, 0.04, 4.19, -5.52
3/7/2025 20:44:28, 3, 1, 0, 0, 334926836, -820055864, 30, 1118, 22053202, 0, 4.92, 235.55, 230.14, 0.03, 9.61, -5.52
3/7/2025 20:44:29, 3, 1, 0, 0, 334926785, -820055919, 30, 637, 22184854, 0, 4.18, 238.01, 234.89, 0.02, 13.04, -5.52
3/7/2025 20:44:30, 3, 1, 0, 0, 334926739, -820055982, 30, 853, 23010672, 0, 3.41, 240.10, 233.95, 0.03, 3.85, -5.52
3/7/2025 20:44:31, 3, 1, 0, 0, 334926681, -820056061, 30, 1068, 22744998, 0, 2.46, 244.61, 237.33, 0.04, 9.88, -5.52
3/7/2025 20:44:32, 3, 1, 0, 0, 334926638, -820056120, 30, 608, 23024078, 0, 1.78, 250.99, 243.64, 0.04, 13.40, -5.52
3/7/2025 20:44:33, 3, 1, 0, 0, 334926608, -820056173, 30, 619, 23792920, 0, 8.35, 203.72, 241.40, -0.21, 3.47, 1.91
3/7/2025 20:44:33, 3, 1, 0, 200, 334926608, -820056173, 30, 619, 23792920, 1900, 8.35, 203.72, 207.09, -0.02, -30.84, 1.91
3/7/2025 20:44:37, 3, 1, 0, 0, 334926559, -820056280, 30, 152, 21616418, 0, 7.48, 198.43, 195.27, 0.02, -20.89, 1.91
3/7/2025 20:44:38, 3, 1, 0, 0, 334926504, -820056299, 30, 849, 19552036, 0, 6.84, 198.65, 191.46, 0.04, -4.06, 1.91
3/7/2025 20:44:39, 3, 1, 0, 0, 334926416, -820056320, 30, 1087, 19060818, 0, 5.86, 199.91, 195.15, 0.03, 4.54, 1.91
3/7/2025 20:44:41, 3, 1, 0, 0, 334926291, -820056356, 30, 742, 19871760, 0, 4.44, 201.97, 198.71, 0.02, -0.01, 1.91
3/7/2025 20:44:42, 3, 1, 0, 0, 334926213, -820056382, 30, 1051, 19736992, 0, 3.54, 203.60, 196.96, 0.04, -0.41, 1.91
3/7/2025 20:44:43, 3, 1, 0, 0, 334926148, -820056403, 30, 659, 19588406, 0, 2.81, 205.87, 200.09, 0.03, 4.20, 1.91
3/7/2025 20:44:44, 3, 1, 0, 0, 334926097, -820056423, 30, 576, 20293168, 0, 2.22, 207.95, 205.21, 0.02, 2.28, 1.91
3/7/2025 20:44:45, 3, 1, 0, 0, 334926024, -820056462, 30, 1006, 20565978, 0, 1.33, 210.59, 209.05, 0.01, 3.39, -2.61
3/7/2025 20:44:46, 3, 1, 0, 0, 334925960, -820056495, 30, 659, 20336026, 0, 8.37, 176.44, 204.28, -0.15, 0.92, 0.78
3/7/2025 20:44:46, 3, 1, 0, 200, 334925960, -820056495, 30, 659, 20336026, 1900, 8.37, 176.44, 179.85, -0.02, -23.51, 0.78
3/7/2025 20:44:49, 3, 1, 0, 0, 334925855, -820056520, 30, 414, 17607562, 0, 7.22, 174.03, 170.66, 0.02, -5.42, 0.78
3/7/2025 20:44:50, 3, 1, 0, 0, 334925782, -820056499, 30, 992, 16628000, 0, 6.40, 175.01, 166.66, 0.05, 0.38, 0.78
3/7/2025 20:44:51, 3, 1, 0, 0, 334925694, -820056467, 30, 1026, 16332646, 0, 5.40, 177.24, 171.47, 0.03, 8.15, 0.78
3/7/2025 20:44:53, 3, 1, 0, 0, 334925586, -820056427, 30, 537, 16744662, 0, 4.19, 181.52, 176.22, 0.03, 8.78, 0.78
3/7/2025 20:44:54, 3, 1, 0, 0, 334925531, -820056416, 30, 631, 17289090, 0, 3.59, 183.41, 180.22, 0.02, 7.33, 0.78
3/7/2025 20:44:55, 3, 1, 0, 0, 334925448, -820056410, 30, 1037, 17715420, 0, 2.67, 185.78, 178.78, 0.04, 1.63, 0.78
3/7/2025 20:44:56, 3, 1, 0, 0, 334925372, -820056401, 30, 739, 17353316, 0, 1.85, 191.00, 182.37, 0.05, 8.84, 0.63
3/7/2025 20:44:57, 3, 1, 0, 0, 334925318, -820056396, 30, 515, 17633368, 0, 8.62, 143.78, 178.66, -0.19, 2.32, 9.47
3/7/2025 20:44:57, 3, 1, 0, 200, 334925318, -820056396, 30, 515, 17633368, 1900, 8.62, 143.78, 147.10, -0.02, -29.24, 9.47
3/7/2025 20:45:1, 3, 1, 0, 0, 334925173, -820056353, 30, 757, 14656612, 0, 7.11, 138.68, 138.28, 0.00, -8.28, 9.47
3/7/2025 20:45:2, 3, 1, 0, 0, 334925099, -820056289, 30, 1114, 14187068, 0, 6.10, 137.76, 135.10, 0.01, -6.78, 9.47
3/7/2025 20:45:3, 3, 1, 0, 0, 334925018, -820056209, 30, 1206, 13983150, 0, 4.93, 137.11, 132.22, 0.03, -7.61, 9.47
3/7/2025 20:45:4, 3, 1, 0, 0, 334924953, -820056138, 30, 870, 13621504, 0, 3.96, 136.97, 134.53, 0.01, -1.68, 9.47
3/7/2025 20:45:5, 3, 1, 0, 0, 334924884, -820056069, 30, 1056, 14027048, 0, 2.96, 135.89, 132.91, 0.02, -7.36, 9.47
3/7/2025 20:45:6, 3, 1, 0, 0, 334924807, -820055989, 30, 1165, 13803994, 0, 1.83, 133.91, 130.66, 0.02, -7.38, 9.47
3/7/2025 20:45:7, 3, 1, 0, 0, 334924743, -820055916, 30, 871, 13482032, 0, 10.30, 97.38, 137.11, -0.22, 2.29, 1.27
3/7/2025 20:45:7, 3, 1, 0, 200, 334924743, -820055916, 30, 871, 13482032, 1900, 10.30, 97.38, 100.73, -0.02, -34.09, 1.27
3/7/2025 20:45:11, 3, 1, 0, 0, 334924647, -820055736, 30, 469, 10158140, 0, 8.55, 91.72, 92.73, -0.01, -8.85, 1.27
3/7/2025 20:45:12, 3, 1, 0, 0, 334924643, -820055639, 30, 1078, 9040498, 0, 7.65, 91.58, 90.80, 0.00, 0.39, 1.27
3/7/2025 20:45:13, 3, 1, 0, 0, 334924643, -820055512, 30, 1221, 8885210, 0, 6.47, 91.87, 89.17, 0.01, 0.32, 1.27
3/7/2025 20:45:14, 3, 1, 0, 0, 334924648, -820055378, 30, 1256, 8733466, 0, 5.23, 92.93, 87.42, 0.03, 0.09, 1.27
3/7/2025 20:45:15, 3, 1, 0, 0, 334924657, -820055244, 30, 1223, 8499774, 0, 4.00, 95.27, 90.80, 0.02, 5.80, 1.27
3/7/2025 20:45:16, 3, 1, 0, 0, 334924662, -820055131, 30, 985, 8837398, 0, 2.96, 98.21, 93.92, 0.02, 5.55, 1.27
3/7/2025 20:45:17, 3, 1, 0, 0, 334924663, -820055025, 30, 1029, 9117016, 0, 2.00, 102.55, 99.00, 0.02, 7.83, -2.13
3/7/2025 20:45:18, 3, 1, 0, 0, 334924663, -820054940, 30, 737, 9102050, 0, 8.88, 77.85, 90.80, -0.07, -0.23, 5.70
3/7/2025 20:45:19, 3, 1, 0, 0, 334924667, -820054880, 30, 515, 8687754, 0, 8.33, 77.35, 81.30, -0.02, -5.58, 5.70
3/7/2025 20:45:21, 3, 1, 0, 0, 334924687, -820054749, 30, 932, 7594603, 0, 7.09, 76.95, 74.61, 0.01, -1.34, 5.70
3/7/2025 20:45:22, 3, 1, 0, 0, 334924714, -820054634, 30, 1192, 7449409, 0, 5.99, 77.45, 72.48, 0.03, -2.01, 5.70
3/7/2025 20:45:23, 3, 1, 0, 0, 334924739, -820054533, 30, 897, 7353631, 0, 5.01, 78.22, 75.42, 0.02, 1.88, 5.70
3/7/2025 20:45:24, 3, 1, 0, 0, 334924763, -820054419, 30, 1172, 7775766, 0, 3.92, 78.88, 74.42, 0.02, -3.34, 5.70
3/7/2025 20:45:25, 3, 1, 0, 0, 334924786, -820054316, 30, 916, 7575077, 0, 2.94, 80.19, 76.67, 0.02, 0.92, 5.70
3/7/2025 20:45:26, 3, 1, 0, 0, 334924808, -820054200, 30, 1183, 7805726, 0, 1.84, 81.99, 75.23, 0.04, -2.82, 5.70
3/7/2025 20:45:27, 3, 1, 0, 0, 334924830, -820054101, 30, 845, 7546842, 0, 6.96, 53.98, 80.42, -0.15, 4.95, 4.14
3/7/2025 20:45:28, 3, 1, 0, 0, 334924843, -820054033, 30, 568, 8000208, 0, 6.37, 51.70, 57.55, -0.03, -22.45, 4.14
3/7/2025 20:45:30, 3, 1, 0, 0, 334924880, -820053937, 30, 498, 5597732, 0, 5.42, 49.28, 51.05, -0.01, -4.93, 4.14
3/7/2025 20:45:31, 3, 1, 0, 0, 334924931, -820053862, 30, 1094, 5125694, 0, 4.52, 48.98, 49.11, -0.00, -2.15, 4.14
3/7/2025 20:45:32, 3, 1, 0, 0, 334925000, -820053765, 30, 1239, 5075619, 0, 3.34, 48.78, 47.73, 0.01, -3.02, 4.14
3/7/2025 20:45:33, 3, 1, 0, 0, 334925073, -820053663, 30, 1248, 4939736, 0, 2.10, 48.43, 46.42, 0.01, -2.98, 4.14
3/7/2025 20:45:34, 3, 1, 0, 0, 334925147, -820053562, 30, 1258, 4821274, 0, 0.85, 48.03, 45.30, 0.02, -2.92, 4.14
3/7/2025 20:45:35, 3, 1, 0, 0, 334925218, -820053466, 30, 1162, 4748133, 0, 11.13, 119.40, 49.55, 0.39, 2.07, -0.61
3/7/2025 20:45:35, 3, 1, 0, 200, 334925218, -820053466, 30, 1162, 4748133, 1900, 11.13, 119.40, 115.86, 0.02, 68.38, -0.61
3/7/2025 20:45:42, 3, 1, 0, 0, 334925347, -820053180, 30, 430, 10776974, 0, 9.86, 134.41, 121.92, 0.07, 14.15, -0.61
3/7/2025 20:45:43, 3, 1, 0, 0, 334925316, -820053108, 30, 892, 11744368, 0, 9.14, 135.79, 130.99, 0.03, 13.54, -0.61
3/7/2025 20:45:45, 3, 1, 0, 0, 334925251, -820052988, 30, 665, 12934098, 0, 7.85, 137.94, 133.80, 0.02, 4.46, -0.61
3/7/2025 20:45:46, 3, 1, 0, 0, 334925208, -820052924, 30, 755, 12935464, 0, 7.10, 138.91, 115.40, 0.13, -13.96, 18.85
3/7/2025 20:45:46, 3, 1, 0, 200, 334925208, -820052924, 30, 755, 12935464, 1900, 7.10, 138.91, 135.46, 0.02, 6.10, 18.85
3/7/2025 20:45:49, 3, 1, 0, 0, 334925118, -820052802, 30, 356, 13930840, 0, 5.60, 140.90, 140.21, 0.00, 0.90, 18.85
3/7/2025 20:45:50, 3, 1, 0, 0, 334925056, -820052767, 31, 921, 15664224, 0, 4.87, 138.75, 138.65, 0.00, -18.00, 18.85
3/7/2025 20:45:51, 3, 1, 0, 0, 334924969, -820052720, 31, 1110, 15544736, 0, 3.86, 134.14, 136.71, -0.01, -18.74, 18.85
3/7/2025 20:45:52, 3, 1, 0, 0, 334924876, -820052668, 31, 1153, 15401902, 0, 2.83, 125.88, 134.27, -0.05, -19.75, 18.85
3/7/2025 20:45:53, 3, 1, 0, 0, 334924783, -820052611, 31, 1164, 15164474, 0, 1.87, 109.46, 126.90, -0.10, -24.75, 18.85
4/8/21470 0:0:11, 97, 44, 43, 163, 1070947142, -1887889032, 38, 1032530346, 1063567975, 2004152664, 5923508.98, 85.13, 123.31, -0.21, -10512.37, 0.00
4/8/21470 0:0:11, 97, 44, 43, 200, 1070947142, -1887889032, 38, 1032530346, 1063567975, 1900, 5923508.98, 85.13, 88.44, -0.02, -10547.24, 0.00
3/7/2025 20:45:59, 3, 1, 0, 0, 334924612, -820052372, 31, 482, 8713378, 0, 1.53, 337.53, 79.00, -0.56, -8.13, 0.00
3/7/2025 20:45:59, 3, 1, 0, 0, 334924612, -820052372, 31, 482, 8713378, 0, 12.28, 302.06, 44.95, -0.57, -42.19, -64.07
Time, fixType, gnssFixOk, headVehValid, invalid_llh, Lat, Lon, SIV, groundSpeed, headingMotion, headingVehicle, distanceBetween, targetHeading, currentHeading, headingError, gpsError, averageGPSError
4/8/21438 0:0:15, 97, 196, 23, 0, 0, 0, 207, 604036144, 134501409, 819, 9269534.42, 303.75, 359.62, -0.31, -985.39, 0.00
Time, fixType, gnssFixOk, headVehValid, invalid_llh, Lat, Lon, SIV, groundSpeed, headingMotion, headingVehicle, distanceBetween, targetHeading, currentHeading, headingError, gpsError, averageGPSError
4/8/21442 0:0:15, 129, 196, 23, 0, 0, 0, 207, 604036144, 134501409, 873, 9269534.42, 303.75, 349.87, -0.26, -995.14, 0.00
Time, fixType, gnssFixOk, headVehValid, invalid_llh, Lat, Lon, SIV, groundSpeed, headingMotion, headingVehicle, distanceBetween, targetHeading, currentHeading, headingError, gpsError, averageGPSError
4/8/2004 0:0:15, 97, 0, 0, 200, 1065353216, 1265902592, 0, 1306845632, 480000000, 1486, 4725917.35, 36.22, 0.94, 0.20, -4799.06, 0.00
3/29/2025 21:27:32, 3, 1, 0, 0, 334924465, -820050732, 6, 168, 32210604, 0, 29.19, 281.25, 0.75, -0.44, -321.36, 0.00
3/29/2025 21:27:32, 3, 1, 0, 0, 334924465, -820050732, 6, 168, 32210604, 0, 29.19, 281.25, 284.81, -0.02, -37.29, 0.00
3/29/2025 21:27:39, 3, 1, 0, 0, 334924547, -820050872, 6, 439, 27211446, 0, 27.74, 279.93, 278.75, 0.01, 6.64, 0.00
3/29/2025 21:27:40, 3, 1, 0, 0, 334924544, -820050927, 6, 491, 26449222, 0, 27.25, 280.18, 278.56, 0.01, 14.07, 0.00
3/29/2025 21:27:41, 3, 1, 0, 0, 334924541, -820050987, 12, 539, 27013800, 0, 26.70, 280.46, 278.56, 0.01, 8.42, 0.00
3/29/2025 21:27:42, 3, 1, 0, 0, 334924538, -820051058, 12, 593, 26693324, 0, 26.06, 280.80, 278.56, 0.01, 11.63, 0.00
3/29/2025 21:27:43, 3, 1, 0, 0, 334924540, -820051130, 12, 611, 27104516, 0, 25.40, 281.03, 278.56, 0.01, 7.52, 0.00
3/29/2025 21:27:44, 3, 1, 0, 0, 334924542, -820051197, 12, 587, 27230576, 0, 24.79, 281.26, 271.12, 0.06, -1.18, 7.50
3/29/2025 21:27:45, 3, 1, 0, 0, 334924542, -820051258, 15, 504, 26879570, 0, 24.23, 281.52, 280.31, 0.01, 11.51, 7.50
3/29/2025 21:27:46, 3, 1, 0, 0, 334924550, -820051315, 15, 498, 28353306, 0, 23.70, 281.56, 283.68, -0.01, 0.15, 7.50
3/29/2025 21:27:47, 3, 1, 0, 0, 334924564, -820051373, 15, 557, 28659182, 0, 23.14, 281.45, 283.87, -0.01, -2.72, 7.50
3/29/2025 21:27:48, 3, 1, 0, 0, 334924579, -820051434, 17, 607, 28807758, 0, 22.55, 281.32, 283.87, -0.01, -4.21, 7.50
3/29/2025 21:27:49, 3, 1, 0, 0, 334924596, -820051497, 17, 584, 28682794, 0, 21.94, 281.14, 283.87, -0.02, -2.96, 7.50
3/29/2025 21:27:50, 3, 1, 0, 0, 334924615, -820051559, 17, 591, 29004100, 0, 21.34, 280.88, 283.87, -0.02, -6.17, 7.50
3/29/2025 21:27:51, 3, 1, 0, 0, 334924635, -820051622, 17, 624, 28970106, 0, 20.72, 280.58, 283.87, -0.02, -5.83, 7.50
3/29/2025 21:27:52, 3, 1, 0, 0, 334924655, -820051683, 17, 604, 29172216, 0, 20.13, 280.25, 283.87, -0.02, -7.85, 7.50
3/29/2025 21:27:53, 3, 1, 0, 0, 334924675, -820051744, 17, 585, 29116932, 0, 19.53, 279.90, 282.18, -0.01, -8.99, 7.50
3/29/2025 21:27:54, 3, 1, 0, 0, 334924693, -820051804, 17, 586, 28733104, 0, 18.95, 279.60, 285.02, -0.03, -2.31, 4.67
3/29/2025 21:27:55, 3, 1, 0, 0, 334924710, -820051860, 17, 534, 29167788, 0, 18.40, 279.29, 280.33, -0.01, -11.34, 4.67
3/29/2025 21:27:56, 3, 1, 0, 0, 334924724, -820051918, 17, 574, 28364424, 0, 17.85, 279.07, 279.58, -0.00, -4.06, 4.67
3/29/2025 21:27:57, 3, 1, 0, 0, 334924737, -820051979, 17, 594, 28452060, 0, 17.27, 278.89, 279.58, -0.00, -4.94, 4.67
3/29/2025 21:27:58, 3, 1, 0, 0, 334924752, -820052043, 17, 611, 28537834, 0, 16.65, 278.64, 279.58, -0.01, -5.80, 4.67
3/29/2025 21:27:59, 3, 1, 0, 0, 334924768, -820052107, 17, 623, 28650694, 0, 16.04, 278.33, 279.58, -0.01, -6.92, 4.67
3/29/2025 21:28:0, 3, 1, 0, 0, 334924783, -820052171, 17, 621, 28571936, 0, 15.43, 278.04, 279.58, -0.01, -6.14, 4.67
3/29/2025 21:28:1, 3, 1, 0, 0, 334924800, -820052235, 17, 621, 28896618, 0, 14.81, 277.64, 279.58, -0.01, -9.38, 4.67
3/29/2025 21:28:2, 3, 1, 0, 0, 334924817, -820052300, 17, 632, 28737502, 0, 14.19, 277.20, 279.58, -0.01, -7.79, 4.67
3/29/2025 21:28:3, 3, 1, 0, 0, 334924833, -820052364, 17, 619, 28689134, 0, 13.58, 276.77, 279.58, -0.02, -7.31, 4.67
3/29/2025 21:28:4, 3, 1, 0, 0, 334924849, -820052428, 17, 623, 28776562, 0, 12.97, 276.30, 286.18, -0.05, -1.58, -1.93
3/29/2025 21:28:5, 3, 1, 0, 0, 334924866, -820052490, 17, 594, 28830472, 0, 12.38, 275.72, 278.18, -0.01, -10.12, -1.93
3/29/2025 21:28:6, 3, 1, 0, 0, 334924876, -820052548, 17, 536, 28004846, 0, 11.83, 275.45, 275.43, 0.00, -4.62, -1.93
3/29/2025 21:28:7, 3, 1, 0, 0, 334924882, -820052609, 17, 579, 27559064, 0, 11.26, 275.38, 275.06, 0.00, -0.53, -1.93
3/29/2025 21:28:8, 3, 1, 0, 0, 334924888, -820052672, 17, 587, 27624514, 0, 10.68, 275.32, 275.12, 0.00, -1.13, -1.93
3/29/2025 21:28:9, 3, 1, 0, 0, 334924906, -820052743, 19, 564, 27427724, 0, 10.00, 274.53, 275.12, -0.00, 0.84, -1.93
3/29/2025 21:28:10, 3, 1, 0, 0, 334924926, -820052815, 21, 615, 27846966, 0, 9.32, 273.49, 275.12, -0.01, -3.35, -1.93
3/29/2025 21:28:11, 3, 1, 0, 0, 334924943, -820052887, 21, 617, 27874584, 0, 8.64, 272.51, 275.12, -0.01, -3.63, -1.93
3/29/2025 21:28:12, 3, 1, 0, 0, 334924953, -820052954, 21, 610, 27750886, 0, 8.02, 271.91, 275.12, -0.02, -2.39, -1.93
3/29/2025 21:28:13, 3, 1, 0, 0, 334924965, -820053022, 21, 615, 27864252, 0, 7.38, 271.04, 275.12, -0.02, -3.52, -1.93
3/29/2025 21:28:14, 3, 1, 0, 0, 334924980, -820053090, 21, 616, 28157952, 0, 6.75, 269.72, 275.62, -0.03, -5.96, -4.93
3/29/2025 21:28:15, 3, 1, 0, 0, 334924992, -820053155, 22, 588, 27904858, 0, 6.15, 268.45, 270.31, -0.01, -8.74, -4.93
3/29/2025 21:28:16, 3, 1, 0, 0, 334924999, -820053218, 24, 570, 27201470, 0, 5.57, 267.48, 269.37, -0.01, -2.64, -4.93
3/29/2025 21:28:17, 3, 1, 0, 0, 334925003, -820053280, 24, 586, 27292132, 0, 5.00, 266.68, 269.00, -0.01, -3.93, -4.93
3/29/2025 21:28:18, 3, 1, 0, 0, 334925008, -820053345, 25, 608, 27305436, 0, 4.40, 265.51, 269.00, -0.02, -4.06, -4.93
3/29/2025 21:28:19, 3, 1, 0, 0, 334925013, -820053410, 26, 601, 27201026, 0, 3.81, 263.96, 269.00, -0.03, -3.01, -4.93
3/29/2025 21:28:20, 3, 1, 0, 0, 334925020, -820053476, 26, 621, 27518524, 0, 3.21, 261.43, 265.00, -0.02, -10.19, -4.93
3/29/2025 21:28:21, 3, 1, 0, 0, 334925027, -820053543, 26, 589, 27057852, 0, 2.61, 257.70, 264.68, -0.04, -5.90, -4.93
3/29/2025 21:28:22, 3, 1, 0, 0, 334925030, -820053607, 26, 597, 27053530, 0, 2.04, 253.24, 258.31, -0.03, -12.23, -4.93
3/29/2025 21:28:23, 3, 1, 0, 0, 334925030, -820053667, 26, 546, 26555888, 0, 1.52, 247.17, 254.00, -0.04, -11.56, -4.93
3/29/2025 21:28:24, 3, 1, 0, 0, 334925025, -820053726, 26, 558, 25985952, 0, 19.31, 18.45, 254.38, 0.69, -5.48, -11.75
3/29/2025 21:28:24, 3, 1, 0, 0, 334925025, -820053726, 26, 558, 25985952, 0, 19.31, 18.45, 15.07, 0.02, -244.79, -11.75
3/29/2025 21:28:32, 3, 1, 0, 0, 334925051, -820053883, 26, 156, 33364, 0, 19.55, 22.77, 26.44, -0.02, 26.11, -11.75
3/29/2025 21:28:33, 3, 1, 0, 0, 334925078, -820053871, 27, 361, 2658155, 0, 19.23, 22.81, 24.63, -0.01, -1.95, -11.75
3/29/2025 21:28:34, 3, 1, 0, 0, 334925115, -820053852, 27, 459, 2468851, 0, 18.79, 22.80, 24.63, -0.01, -0.06, -11.75
3/29/2025 21:28:35, 3, 1, 0, 0, 334925158, -820053827, 27, 540, 2769797, 0, 18.26, 22.72, 5.33, 0.10, -22.37, 7.55
3/29/2025 21:28:36, 3, 1, 0, 0, 334925204, -820053800, 27, 548, 2851755, 0, 17.69, 22.61, 19.26, 0.02, -9.25, 7.55
3/29/2025 21:28:37, 3, 1, 0, 0, 334925236, -820053779, 27, 322, 3222757, 0, 17.28, 22.46, 25.58, -0.02, -6.65, 7.55
3/29/2025 21:28:38, 3, 1, 0, 0, 334925264, -820053746, 27, 487, 4997062, 0, 16.88, 21.91, 25.70, -0.02, -24.27, 7.55
3/29/2025 21:28:39, 3, 1, 0, 0, 334925296, -820053702, 27, 542, 5030122, 0, 16.40, 21.05, 23.08, -0.01, -27.22, 7.55
3/29/2025 21:28:40, 3, 1, 0, 0, 334925328, -820053657, 28, 543, 5066943, 0, 15.92, 20.11, 22.08, -0.01, -28.59, 7.55
3/29/2025 21:28:41, 3, 1, 0, 0, 334925361, -820053612, 28, 557, 4840707, 0, 15.43, 19.12, 21.58, -0.01, -26.83, 7.55
3/29/2025 21:28:42, 3, 1, 0, 0, 334925397, -820053567, 28, 570, 4829465, 0, 14.92, 18.11, 21.58, -0.02, -26.72, 7.55
3/29/2025 21:28:43, 3, 1, 0, 0, 334925433, -820053521, 28, 575, 4860375, 0, 14.41, 16.99, 21.58, -0.03, -27.03, 7.55
3/29/2025 21:28:44, 3, 1, 0, 0, 334925469, -820053475, 28, 582, 4830954, 0, 13.91, 15.79, 17.89, -0.01, -30.42, 7.55
3/29/2025 21:28:45, 3, 1, 0, 0, 334925505, -820053432, 28, 544, 4516244, 0, 13.41, 14.62, 40.11, -0.14, -5.06, -15.42
3/29/2025 21:28:45, 3, 1, 0, 0, 334925505, -820053432, 28, 544, 4516244, 0, 13.41, 14.62, 18.11, -0.02, -27.06, -15.42
3/29/2025 21:28:48, 3, 1, 0, 0, 334925605, -820053332, 28, 382, 3079135, 0, 12.12, 11.70, 12.17, -0.00, -18.62, -15.42
3/29/2025 21:28:49, 3, 1, 0, 0, 334925646, -820053317, 28, 504, 1592850, 0, 11.65, 11.49, 11.42, 0.00, -4.51, -15.42
3/29/2025 21:28:50, 3, 1, 0, 0, 334925694, -820053302, 28, 552, 1552859, 0, 11.09, 11.33, 11.42, -0.00, -4.11, -15.42
3/29/2025 21:28:51, 3, 1, 0, 0, 334925744, -820053286, 28, 570, 1508284, 0, 10.52, 11.13, 11.42, -0.00, -3.66, -15.42
3/29/2025 21:28:52, 3, 1, 0, 0, 334925795, -820053270, 28, 572, 1593729, 0, 9.93, 10.93, 11.42, -0.00, -4.52, -15.42
3/29/2025 21:28:53, 3, 1, 0, 0, 334925845, -820053253, 28, 577, 1620475, 0, 9.36, 10.62, 11.42, -0.00, -4.79, -15.42
3/29/2025 21:28:55, 3, 1, 0, 0, 334925949, -820053218, 28, 593, 1627956, 0, 8.16, 9.88, 11.42, -0.01, -4.86, -15.42
3/29/2025 21:28:56, 3, 1, 0, 0, 334926001, -820053200, 28, 594, 1709409, 0, 7.56, 9.39, 19.96, -0.06, 2.86, -23.96
3/29/2025 21:28:57, 3, 1, 0, 0, 334926044, -820053185, 28, 454, 1664712, 0, 7.07, 8.91, 11.46, -0.01, -5.19, -23.96
3/29/2025 21:28:58, 3, 1, 0, 0, 334926090, -820053177, 28, 541, 477862, 0, 6.55, 8.96, 7.89, 0.01, 3.11, -23.96
3/29/2025 21:28:59, 3, 1, 0, 0, 334926141, -820053172, 28, 572, 492325, 0, 5.99, 9.36, 7.33, 0.01, 2.41, -23.96
3/29/2025 21:29:0, 3, 1, 0, 0, 334926193, -820053167, 28, 576, 527253, 0, 5.41, 9.88, 7.27, 0.01, 2.00, -23.96
3/29/2025 21:29:1, 3, 1, 0, 0, 334926246, -820053162, 28, 585, 594928, 0, 4.82, 10.54, 7.27, 0.02, 1.32, -23.96
3/29/2025 21:29:2, 3, 1, 0, 0, 334926300, -820053155, 28, 591, 618253, 0, 4.22, 11.16, 7.27, 0.02, 1.09, -23.96
3/29/2025 21:29:3, 3, 1, 0, 0, 334926351, -820053147, 28, 568, 834116, 0, 3.65, 11.74, 9.58, 0.01, 1.24, -23.96
3/29/2025 21:29:4, 3, 1, 0, 0, 334926403, -820053138, 28, 578, 926062, 0, 3.06, 12.41, 9.71, 0.02, 0.45, -23.96
3/29/2025 21:29:5, 3, 1, 0, 0, 334926455, -820053128, 28, 584, 1036416, 0, 2.48, 13.19, 9.71, 0.02, -0.66, -23.96
3/29/2025 21:29:6, 3, 1, 0, 0, 334926507, -820053117, 28, 589, 1055757, 0, 1.89, 14.18, 8.84, 0.03, -1.71, -23.09
3/29/2025 21:29:7, 3, 1, 0, 0, 334926551, -820053108, 28, 430, 1197591, 0, 21.50, 289.62, 15.50, -0.48, 3.52, -24.81
3/29/2025 21:29:7, 3, 1, 0, 0, 334926551, -820053108, 28, 430, 1197591, 0, 21.50, 289.62, 292.93, -0.02, 280.96, -24.81
3/29/2025 21:29:14, 3, 1, 0, 0, 334926734, -820053183, 28, 459, 29181322, 0, 20.23, 284.85, 284.50, 0.00, -7.32, -24.81
3/29/2025 21:29:15, 3, 1, 0, 0, 334926749, -820053237, 28, 549, 28647808, 0, 19.70, 284.75, 283.25, 0.01, -3.23, -24.81
3/29/2025 21:29:16, 3, 1, 0, 0, 334926763, -820053296, 28, 585, 28577962, 0, 19.13, 284.72, 283.25, 0.01, -2.53, -24.81
3/29/2025 21:29:17, 3, 1, 0, 0, 334926778, -820053357, 28, 595, 28633696, 0, 18.54, 284.66, 283.31, 0.01, -3.03, -24.81
3/29/2025 21:29:18, 3, 1, 0, 0, 334926794, -820053418, 28, 602, 28848624, 0, 17.95, 284.57, 296.37, -0.07, 7.89, -37.87
3/29/2025 21:29:19, 3, 1, 0, 0, 334926809, -820053471, 28, 475, 28899222, 0, 17.43, 284.45, 288.00, -0.02, -0.99, -37.87
3/29/2025 21:29:20, 3, 1, 0, 0, 334926817, -820053526, 28, 540, 27774154, 0, 16.92, 284.59, 283.12, 0.01, 5.38, -37.87
3/29/2025 21:29:21, 3, 1, 0, 0, 334926822, -820053586, 28, 568, 27530146, 0, 16.36, 284.89, 282.62, 0.01, 7.32, -37.87
3/29/2025 21:29:22, 3, 1, 0, 0, 334926828, -820053648, 28, 593, 27755820, 0, 15.79, 285.19, 282.62, 0.01, 5.06, -37.87
3/29/2025 21:29:23, 3, 1, 0, 0, 334926835, -820053712, 28, 597, 27707394, 0, 15.20, 285.49, 282.62, 0.02, 5.55, -37.87
3/29/2025 21:29:24, 3, 1, 0, 0, 334926842, -820053776, 28, 596, 27875472, 0, 14.61, 285.82, 282.62, 0.02, 3.87, -37.87
3/29/2025 21:29:25, 3, 1, 0, 0, 334926851, -820053840, 28, 600, 27958550, 0, 14.01, 286.09, 282.62, 0.02, 3.04, -37.87
3/29/2025 21:29:26, 3, 1, 0, 0, 334926860, -820053904, 28, 602, 28003044, 0, 13.41, 286.38, 282.62, 0.02, 2.59, -37.87
3/29/2025 21:29:27, 3, 1, 0, 0, 334926872, -820053966, 28, 584, 28338210, 0, 12.82, 286.53, 284.50, 0.01, 1.12, -37.87
3/29/2025 21:29:28, 3, 1, 0, 0, 334926884, -820054028, 28, 597, 28439596, 0, 12.23, 286.70, 280.48, 0.03, -3.92, -33.79
3/29/2025 21:29:29, 3, 1, 0, 0, 334926897, -820054081, 28, 478, 28805594, 0, 11.72, 286.71, 286.73, -0.00, -1.33, -33.79
3/29/2025 21:29:30, 3, 1, 0, 0, 334926916, -820054134, 28, 566, 29495688, 0, 11.19, 286.40, 288.04, -0.01, -6.92, -33.79
3/29/2025 21:29:31, 3, 1, 0, 0, 334926939, -820054191, 28, 598, 29621550, 0, 10.61, 285.88, 288.04, -0.01, -8.18, -33.79
3/29/2025 21:29:32, 3, 1, 0, 0, 334926963, -820054249, 28, 601, 29696132, 0, 10.02, 285.26, 288.04, -0.02, -8.92, -33.79
3/29/2025 21:29:33, 3, 1, 0, 0, 334926989, -820054307, 29, 602, 29779466, 0, 9.42, 284.42, 288.04, -0.02, -9.75, -33.79
3/29/2025 21:29:34, 3, 1, 0, 0, 334927014, -820054362, 29, 562, 29807892, 0, 8.86, 283.50, 286.10, -0.01, -11.98, -33.79
3/29/2025 21:29:35, 3, 1, 0, 0, 334927039, -820054418, 29, 594, 29732168, 0, 8.29, 282.47, 286.04, -0.02, -11.28, -33.79
3/29/2025 21:29:36, 3, 1, 0, 0, 334927064, -820054475, 29, 602, 29808654, 0, 7.72, 281.30, 286.04, -0.03, -12.05, -33.79
3/29/2025 21:29:37, 3, 1, 0, 0, 334927088, -820054528, 29, 527, 29848422, 0, 7.19, 279.98, 282.04, -0.01, -16.44, -33.79
3/29/2025 21:29:38, 3, 1, 0, 0, 334927111, -820054584, 29, 584, 29517416, 0, 6.63, 278.58, 290.68, -0.07, -4.49, -42.87
3/29/2025 21:29:39, 3, 1, 0, 0, 334927132, -820054634, 29, 492, 29751788, 0, 6.14, 277.07, 281.99, -0.03, -15.53, -42.87
3/29/2025 21:29:40, 3, 1, 0, 0, 334927146, -820054686, 30, 519, 28561870, 0, 5.64, 276.11, 277.05, -0.01, -8.56, -42.87
3/29/2025 21:29:41, 3, 1, 0, 0, 334927157, -820054744, 30, 565, 28280986, 0, 5.10, 275.38, 276.49, -0.01, -6.32, -42.87
3/29/2025 21:29:42, 3, 1, 0, 0, 334927170, -820054805, 30, 584, 28483794, 0, 4.52, 274.23, 276.49, -0.01, -8.35, -42.87
3/29/2025 21:29:43, 3, 1, 0, 0, 334927183, -820054867, 30, 590, 28503442, 0, 3.94, 272.75, 276.49, -0.02, -8.54, -42.87
3/29/2025 21:29:44, 3, 1, 0, 0, 334927196, -820054926, 30, 555, 28534802, 0, 3.39, 270.75, 274.55, -0.02, -10.79, -42.87
3/29/2025 21:29:45, 3, 1, 0, 0, 334927208, -820054984, 30, 545, 28376724, 0, 2.85, 268.21, 272.37, -0.02, -11.40, -42.87
3/29/2025 21:29:46, 3, 1, 0, 0, 334927219, -820055042, 30, 546, 28314388, 0, 2.32, 264.77, 269.68, -0.03, -13.46, -42.87
3/29/2025 21:29:47, 3, 1, 0, 0, 334927229, -820055098, 30, 518, 28220318, 0, 1.82, 259.79, 265.62, -0.03, -16.59, -42.87
3/29/2025 21:29:48, 3, 1, 0, 0, 334927236, -820055152, 30, 488, 27912520, 0, 20.91, 205.71, 270.58, -0.36, -8.54, -53.27
3/29/2025 21:29:48, 3, 1, 0, 0, 334927236, -820055152, 30, 488, 27912520, 0, 20.91, 205.71, 209.02, -0.02, -70.11, -53.27
3/29/2025 21:29:53, 3, 1, 0, 0, 334927189, -820055336, 31, 295, 22321762, 0, 19.74, 201.90, 201.46, 0.00, -21.76, -53.27
3/29/2025 21:29:54, 3, 1, 0, 0, 334927141, -820055353, 31, 437, 20994048, 0, 19.19, 202.06, 200.77, 0.01, -9.17, -53.27
3/29/2025 21:29:55, 3, 1, 0, 0, 334927085, -820055370, 32, 525, 20652332, 0, 18.55, 202.33, 200.77, 0.01, -5.75, -53.27
4/8/21442 0:0:15, 129, 1, 0, 0, 334927085, -820055370, 32, 525, 20652332, 0, 18.55, 202.33, 200.77, 0.01, -5.75, -53.27
4/8/21438 0:0:15, 97, 0, 0, 0, 1072693248, -1068750208, 188, 0, 1073741824, 536870928, 8052993.68, 158.41, 200.77, -0.24, -10536.65, -53.27
3/29/2025 21:29:59, 3, 1, 0, 0, 334926889, -820055470, 32, 420, 21329448, 0, 16.18, 202.23, 200.83, 0.01, -12.46, -53.27
3/29/2025 21:30:0, 3, 1, 0, 0, 334926861, -820055492, 32, 314, 21477896, 0, 15.82, 201.97, 218.97, -0.09, 4.20, -71.41
3/29/2025 21:30:1, 3, 1, 0, 0, 334926840, -820055513, 32, 282, 21912758, 0, 15.53, 201.62, 205.35, -0.02, -13.78, -71.41
3/29/2025 21:30:2, 3, 1, 0, 0, 334926816, -820055528, 32, 309, 20352492, 0, 15.23, 201.51, 199.35, 0.01, -4.18, -71.41
3/29/2025 21:30:3, 3, 1, 0, 0, 334926778, -820055541, 32, 475, 19390868, 0, 14.79, 201.67, 199.04, 0.01, 5.13, -71.41
3/29/2025 21:30:4, 3, 1, 0, 0, 334926730, -820055555, 32, 529, 19397402, 0, 14.25, 201.98, 199.04, 0.02, 5.06, -71.41
3/29/2025 21:30:5, 3, 1, 0, 0, 334926682, -820055571, 32, 555, 19541560, 0, 13.70, 202.24, 199.04, 0.02, 3.62, -71.41
3/29/2025 21:30:6, 3, 1, 0, 0, 334926633, -820055588, 32, 565, 19814372, 0, 13.14, 202.50, 199.04, 0.02, 0.89, -71.41
3/29/2025 21:30:7, 3, 1, 0, 0, 334926585, -820055608, 32, 572, 20021392, 0, 12.57, 202.65, 199.04, 0.02, -1.18, -71.41
3/29/2025 21:30:8, 3, 1, 0, 0, 334926538, -820055628, 32, 572, 20051828, 0, 12.02, 202.80, 200.66, 0.01, 0.14, -71.41
3/29/2025 21:30:9, 3, 1, 0, 0, 334926491, -820055648, 32, 550, 20098356, 0, 11.46, 202.96, 200.66, 0.01, -0.32, -71.41
3/29/2025 21:30:10, 3, 1, 0, 0, 334926446, -820055673, 32, 574, 20615526, 0, 10.91, 202.86, 200.69, 0.01, -5.46, -71.44
3/29/2025 21:30:11, 3, 1, 0, 0, 334926400, -820055702, 32, 582, 20792626, 0, 10.34, 202.59, 200.69, 0.01, -7.24, -71.44
3/29/2025 21:30:12, 3, 1, 0, 0, 334926353, -820055733, 32, 581, 20887116, 0, 9.74, 202.21, 200.69, 0.01, -8.18, -71.44
3/29/2025 21:30:13, 3, 1, 0, 0, 334926307, -820055764, 32, 578, 20936376, 0, 9.16, 201.75, 200.69, 0.01, -8.67, -71.44
3/29/2025 21:30:14, 3, 1, 0, 0, 334926261, -820055797, 32, 584, 21098504, 0, 8.57, 201.12, 200.69, 0.00, -10.29, -71.44
3/29/2025 21:30:15, 3, 1, 0, 0, 334926216, -820055831, 32, 573, 21184610, 0, 7.99, 200.30, 200.69, -0.00, -11.15, -71.44
3/29/2025 21:30:16, 3, 1, 0, 0, 334926172, -820055866, 32, 587, 21318256, 0, 7.42, 199.26, 200.69, -0.01, -12.49, -71.44
3/29/2025 21:30:17, 3, 1, 0, 0, 334926127, -820055903, 32, 582, 21503410, 0, 6.84, 197.93, 200.69, -0.02, -14.34, -71.44
3/29/2025 21:30:18, 3, 1, 0, 0, 334926085, -820055940, 32, 586, 21677180, 0, 6.29, 196.27, 200.69, -0.02, -16.08, -71.44
3/29/2025 21:30:19, 3, 1, 0, 0, 334926042, -820055978, 32, 591, 21791498, 0, 5.74, 194.23, 197.38, -0.02, -20.54, -71.44
3/29/2025 21:30:20, 3, 1, 0, 0, 334926001, -820056014, 32, 556, 21610016, 0, 5.22, 191.90, 208.38, -0.09, -7.72, -82.88
3/29/2025 21:30:21, 3, 1, 0, 0, 334925960, -820056050, 32, 573, 21712838, 0, 4.71, 189.07, 195.38, -0.04, -21.74, -82.88
3/29/2025 21:30:23, 3, 1, 0, 0, 334925890, -820056100, 32, 458, 20142044, 0, 3.88, 184.11, 187.51, -0.02, -13.91, -82.88
3/29/2025 21:30:24, 3, 1, 0, 0, 334925846, -820056119, 32, 536, 19832892, 0, 3.38, 181.73, 186.07, -0.02, -12.26, -82.88
3/29/2025 21:30:25, 3, 1, 0, 0, 334925799, -820056137, 32, 532, 19520650, 0, 2.86, 178.70, 182.63, -0.02, -12.57, -82.88
3/29/2025 21:30:26, 3, 1, 0, 0, 334925752, -820056153, 32, 540, 19451124, 0, 2.35, 174.78, 179.88, -0.03, -14.63, -82.88
3/29/2025 21:30:27, 3, 1, 0, 0, 334925707, -820056168, 32, 502, 19420392, 0, 1.87, 169.13, 175.57, -0.04, -18.63, -82.88
3/29/2025 21:30:28, 3, 1, 0, 0, 334925666, -820056182, 32, 428, 19241034, 0, 23.36, 109.15, 183.94, -0.42, -8.47, -97.38
3/29/2025 21:30:28, 3, 1, 0, 0, 334925666, -820056182, 32, 428, 19241034, 0, 23.36, 109.15, 112.57, -0.02, -79.85, -97.38
3/29/2025 21:30:34, 3, 1, 0, 0, 334925519, -820056136, 32, 366, 11745694, 0, 22.46, 105.57, 103.69, 0.01, -13.77, -97.38
3/29/2025 21:30:35, 3, 1, 0, 0, 334925504, -820056091, 32, 470, 11084722, 0, 22.02, 105.44, 101.00, 0.02, -9.84, -97.38
3/29/2025 21:30:36, 3, 1, 0, 0, 334925490, -820056046, 32, 430, 10710060, 0, 21.57, 105.34, 104.69, 0.00, -2.41, -97.38
3/29/2025 21:30:37, 3, 1, 0, 0, 334925472, -820056000, 32, 516, 11598994, 0, 21.11, 105.12, 105.07, 0.00, -10.92, -97.38
3/29/2025 21:30:38, 3, 1, 0, 0, 334925450, -820055951, 32, 533, 11803024, 0, 20.61, 104.79, 105.07, -0.00, -12.97, -97.38
3/29/2025 21:30:39, 3, 1, 0, 0, 334925426, -820055901, 32, 549, 11915360, 0, 20.09, 104.39, 123.25, -0.10, 4.10, -115.56
3/29/2025 21:30:40, 3, 1, 0, 0, 334925403, -820055856, 32, 471, 12196074, 0, 19.62, 103.97, 107.94, -0.02, -14.02, -115.56
3/29/2025 21:30:41, 3, 1, 0, 0, 334925388, -820055818, 32, 384, 11128156, 0, 19.24, 103.74, 101.69, 0.01, -9.59, -115.56
3/29/2025 21:30:42, 3, 1, 0, 0, 334925380, -820055769, 32, 499, 9911164, 0, 18.78, 103.81, 100.44, 0.02, 1.33, -115.56
3/29/2025 21:30:43, 3, 1, 0, 0, 334925372, -820055712, 32, 539, 9931802, 0, 18.24, 103.93, 100.44, 0.02, 1.12, -115.56
3/29/2025 21:30:44, 3, 1, 0, 0, 334925364, -820055652, 32, 560, 9983906, 0, 17.68, 104.09, 100.44, 0.02, 0.60, -115.56
3/29/2025 21:30:45, 3, 1, 0, 0, 334925355, -820055592, 32, 557, 10071252, 0, 17.12, 104.22, 102.38, 0.01, 1.66, -115.56
3/29/2025 21:30:46, 3, 1, 0, 0, 334925345, -820055533, 32, 550, 10222354, 0, 16.56, 104.31, 102.75, 0.01, 0.53, -115.56
3/29/2025 21:30:47, 3, 1, 0, 0, 334925334, -820055474, 32, 554, 10395620, 0, 16.00, 104.37, 102.81, 0.01, -1.14, -115.56
3/29/2025 21:30:48, 3, 1, 0, 0, 334925322, -820055414, 32, 568, 10462482, 0, 15.43, 104.40, 102.81, 0.01, -1.81, -115.56
3/29/2025 21:30:49, 3, 1, 0, 0, 334925309, -820055356, 32, 558, 10565584, 0, 14.87, 104.38, 104.53, -0.00, -1.13, -117.28
3/29/2025 21:30:50, 3, 1, 0, 0, 334925295, -820055299, 32, 568, 10632942, 0, 14.32, 104.30, 104.53, -0.00, -1.80, -117.28
3/29/2025 21:30:51, 3, 1, 0, 0, 334925281, -820055242, 32, 563, 10699494, 0, 13.77, 104.22, 104.53, -0.00, -2.47, -117.28
3/29/2025 21:30:52, 3, 1, 0, 0, 334925266, -820055186, 32, 560, 10828598, 0, 13.23, 104.07, 104.53, -0.00, -3.76, -117.28
3/29/2025 21:30:53, 3, 1, 0, 0, 334925250, -820055130, 32, 563, 10861234, 0, 12.68, 103.86, 104.53, -0.00, -4.09, -117.28
3/29/2025 21:30:54, 3, 1, 0, 0, 334925234, -820055073, 32, 562, 11029404, 0, 12.12, 103.64, 104.53, -0.00, -5.77, -117.28
3/29/2025 21:30:55, 3, 1, 0, 0, 334925216, -820055015, 32, 563, 11077866, 0, 11.55, 103.30, 104.46, -0.01, -6.31, -117.28
3/29/2025 21:30:56, 3, 1, 0, 0, 334925198, -820054958, 32, 552, 11114836, 0, 10.99, 102.92, 104.46, -0.01, -6.68, -117.28
3/29/2025 21:30:57, 3, 1, 0, 0, 334925181, -820054902, 32, 546, 11053360, 0, 10.44, 102.55, 104.46, -0.01, -6.07, -117.28
3/29/2025 21:30:58, 3, 1, 0, 0, 334925163, -820054846, 32, 544, 11072162, 0, 9.89, 102.07, 104.46, -0.01, -6.26, -117.28
3/29/2025 21:30:59, 3, 1, 0, 0, 334925146, -820054790, 32, 550, 11074458, 0, 9.35, 101.60, 108.90, -0.04, -1.85, -121.71
3/29/2025 21:31:0, 3, 1, 0, 0, 334925129, -820054734, 32, 552, 11047900, 0, 8.80, 101.08, 102.34, -0.01, -8.14, -121.71
3/29/2025 21:31:2, 3, 1, 0, 0, 334925106, -820054632, 31, 534, 10154960, 0, 7.82, 100.57, 100.84, -0.00, -0.71, -121.71
3/29/2025 21:31:3, 3, 1, 0, 0, 334925097, -820054575, 31, 549, 10161850, 0, 7.28, 100.56, 100.52, 0.00, -1.10, -121.71
3/29/2025 21:31:4, 3, 1, 0, 0, 334925088, -820054517, 31, 554, 10050528, 0, 6.74, 100.56, 100.52, 0.00, 0.02, -121.71
3/29/2025 21:31:5, 3, 1, 0, 0, 334925079, -820054459, 31, 558, 10166568, 0, 6.19, 100.56, 100.52, 0.00, -1.14, -121.71
3/29/2025 21:31:6, 3, 1, 0, 0, 334925069, -820054401, 31, 560, 10264372, 0, 5.64, 100.45, 100.52, -0.00, -2.12, -121.71
3/29/2025 21:31:7, 3, 1, 0, 0, 334925058, -820054342, 31, 562, 10320020, 0, 5.08, 100.21, 100.52, -0.00, -2.68, -121.71
3/29/2025 21:31:8, 3, 1, 0, 0, 334925046, -820054283, 31, 565, 10462966, 0, 4.52, 99.78, 100.52, -0.00, -4.11, -121.71
3/29/2025 21:31:9, 3, 1, 0, 0, 334925034, -820054224, 31, 569, 10481798, 0, 3.96, 99.22, 100.52, -0.01, -4.29, -121.71
3/29/2025 21:31:10, 3, 1, 0, 0, 334925022, -820054166, 30, 568, 10549404, 0, 3.40, 98.46, 103.13, -0.03, -2.36, -124.32
3/29/2025 21:31:11, 3, 1, 0, 0, 334925013, -820054113, 31, 506, 10353926, 0, 2.90, 97.93, 99.32, -0.01, -4.22, -124.32
3/29/2025 21:31:12, 3, 1, 0, 0, 334925004, -820054060, 31, 548, 10223804, 0, 2.40, 97.18, 98.38, -0.01, -3.85, -124.32
3/29/2025 21:31:13, 3, 1, 0, 0, 334924995, -820054003, 29, 558, 10129048, 0, 1.87, 96.16, 98.20, -0.01, -3.09, -124.32
3/29/2025 21:31:14, 3, 1, 0, 0, 334924986, -820053956, 31, 415, 10383486, 0, 19.99, 104.96, 101.45, 0.02, -2.38, -127.70
3/29/2025 21:31:15, 3, 1, 0, 0, 334924979, -820053921, 27, 403, 10319124, 0, 19.66, 104.99, 101.45, 0.02, -1.74, -127.70
3/29/2025 21:31:16, 3, 1, 0, 0, 334924971, -820053882, 30, 487, 10318726, 0, 19.28, 105.01, 101.45, 0.02, -1.73, -127.70
3/29/2025 21:31:17, 3, 1, 0, 0, 334924952, -820053805, 32, 543, 10410630, 0, 18.54, 104.95, 101.45, 0.02, -2.65, -127.70
3/29/2025 21:31:18, 3, 1, 0, 0, 334924934, -820053772, 31, 550, 10639490, 0, 18.19, 104.59, 101.45, 0.02, -4.94, -127.70
3/29/2025 21:31:19, 3, 1, 0, 0, 334924926, -820053741, 31, 546, 10674822, 0, 17.89, 104.55, 101.45, 0.02, -5.30, -127.70
3/29/2025 21:31:20, 3, 1, 0, 0, 334924911, -820053699, 32, 561, 10703282, 0, 17.47, 104.34, 101.45, 0.02, -5.58, -127.70
3/29/2025 21:31:21, 3, 1, 0, 0, 334924894, -820053650, 32, 561, 10723182, 0, 16.99, 104.10, 101.45, 0.01, -5.78, -127.70
3/29/2025 21:31:22, 3, 1, 0, 0, 334924869, -820053590, 32, 564, 10872218, 0, 16.38, 103.63, 101.45, 0.01, -7.27, -127.70
3/29/2025 21:31:23, 3, 1, 0, 0, 334924846, -820053532, 32, 565, 10928340, 0, 15.80, 103.19, 101.45, 0.01, -7.83, -127.70
3/29/2025 21:31:24, 3, 1, 0, 0, 334924823, -820053475, 32, 576, 10974418, 0, 15.22, 102.70, 105.97, -0.02, -3.77, -132.22
3/29/2025 21:31:25, 3, 1, 0, 0, 334924800, -820053416, 32, 572, 10968936, 0, 14.63, 102.20, 105.97, -0.02, -3.72, -132.22
3/29/2025 21:31:26, 3, 1, 0, 0, 334924779, -820053360, 32, 536, 10917108, 0, 14.08, 101.72, 103.91, -0.01, -5.26, -132.22
3/29/2025 21:31:27, 3, 1, 0, 0, 334924758, -820053303, 32, 558, 10869538, 0, 13.51, 101.20, 103.60, -0.01, -5.10, -132.22
3/29/2025 21:31:28, 3, 1, 0, 0, 334924737, -820053245, 32, 572, 10953560, 0, 12.94, 100.65, 103.60, -0.02, -5.94, -132.22
3/29/2025 21:31:29, 3, 1, 0, 0, 334924716, -820053187, 32, 571, 10963242, 0, 12.37, 100.05, 103.60, -0.02, -6.03, -132.22
3/29/2025 21:31:30, 3, 1, 0, 0, 334924696, -820053129, 32, 563, 11024292, 0, 11.80, 99.44, 103.60, -0.02, -6.64, -132.22
3/29/2025 21:31:31, 3, 1, 0, 0, 334924677, -820053076, 32, 514, 11091356, 0, 11.28, 98.79, 100.72, -0.01, -10.19, -132.22
3/29/2025 21:31:32, 3, 1, 0, 0, 334924659, -820053020, 32, 558, 10812012, 0, 10.74, 98.16, 100.16, -0.01, -7.96, -132.22
3/29/2025 21:31:33, 3, 1, 0, 0, 334924642, -820052963, 32, 553, 10726256, 0, 10.19, 97.53, 100.10, -0.01, -7.16, -132.22
Time, fixType, gnssFixOk, headVehValid, invalid_llh, Lat, Lon, SIV, groundSpeed, headingMotion, headingVehicle, distanceBetween, targetHeading, currentHeading, headingError, gpsError, averageGPSError
4/8/4560 0:0:15, 97, 196, 23, 0, 0, 0, 207, 604036144, 134501409, 70, 9269534.42, 303.75, 358.56, -0.30, -986.45, 0.00
Time, fixType, gnssFixOk, headVehValid, invalid_llh, Lat, Lon, SIV, groundSpeed, headingMotion, headingVehicle, distanceBetween, targetHeading, currentHeading, headingError, gpsError, averageGPSError
4/8/4560 0:0:15, 97, 0, 0, 0, 1065353216, 1265902592, 0, 1306845632, 480000000, 16, 4725917.35, 36.22, 2.37, 0.19, -4797.63, 0.00
4/8/21442 0:0:15, 97, 0, 0, 169, 0, -791856000, 30, 1441174626, -1078168412, -818469639, 3736890.11, 355.75, 324.00, 0.18, 11105.68, 0.00
3/29/2025 21:45:23, 3, 1, 0, 0, 334925326, -820051223, 7, 423, 30332420, 0, 24.38, 260.84, 324.00, -0.35, 20.68, 0.00
3/29/2025 21:45:23, 3, 1, 0, 0, 334925326, -820051223, 7, 423, 30332420, 0, 24.38, 260.84, 264.44, -0.02, -38.89, 0.00
3/29/2025 21:45:29, 3, 1, 0, 0, 334925354, -820051420, 7, 390, 24181664, 0, 22.64, 259.32, 257.75, 0.01, 15.93, 0.00
3/29/2025 21:45:30, 3, 1, 0, 0, 334925329, -820051471, 7, 516, 23724186, 0, 22.12, 259.80, 258.00, 0.01, 20.76, 0.00
3/29/2025 21:45:31, 3, 1, 0, 0, 334925291, -820051561, 13, 657, 24631670, 0, 21.22, 260.53, 258.94, 0.01, 12.62, 0.00
3/29/2025 21:45:32, 3, 1, 0, 0, 334925253, -820051638, 13, 598, 24325698, 0, 20.45, 261.37, 260.19, 0.01, 16.93, 0.00
3/29/2025 21:45:33, 3, 1, 0, 0, 334925165, -820051870, 13, 601, 24002478, 0, 18.19, 263.40, 261.19, 0.01, 21.16, 0.00
3/29/2025 21:45:34, 3, 1, 0, 0, 334925102, -820051977, 13, 582, 24493248, 0, 17.13, 265.35, 262.44, 0.02, 17.51, 0.00
3/29/2025 21:45:35, 3, 1, 0, 0, 334925051, -820052043, 13, 609, 24645402, 0, 16.49, 267.14, 252.08, 0.08, 5.63, 11.61
3/29/2025 21:45:36, 3, 1, 0, 0, 334925008, -820052098, 13, 510, 24180886, 0, 15.96, 268.76, 263.58, 0.03, 21.77, 11.61
3/29/2025 21:45:37, 3, 1, 0, 0, 334924977, -820052141, 13, 453, 26177414, 0, 15.56, 270.00, 270.39, -0.00, 8.62, 11.61
3/29/2025 21:45:38, 3, 1, 0, 0, 334924954, -820052195, 13, 576, 26505106, 0, 15.06, 270.97, 271.96, -0.01, 6.91, 11.61
3/29/2025 21:45:39, 3, 1, 0, 0, 334924925, -820052250, 14, 596, 26293180, 0, 14.56, 272.28, 273.14, -0.00, 10.21, 11.61
3/29/2025 21:45:40, 3, 1, 0, 0, 334924906, -820052307, 15, 591, 26917202, 0, 14.04, 273.22, 274.27, -0.01, 5.10, 11.61
3/29/2025 21:45:41, 3, 1, 0, 0, 334924892, -820052365, 15, 599, 26914520, 0, 13.51, 274.01, 275.33, -0.01, 6.19, 11.61
3/29/2025 21:45:42, 3, 1, 0, 0, 334924881, -820052425, 15, 604, 27055052, 0, 12.97, 274.72, 276.33, -0.01, 5.78, 11.61
3/29/2025 21:45:43, 3, 1, 0, 0, 334924877, -820052484, 15, 606, 27335754, 0, 12.42, 275.14, 277.33, -0.01, 3.97, 11.61
3/29/2025 21:45:44, 3, 1, 0, 0, 334924876, -820052543, 15, 615, 27385610, 0, 11.88, 275.43, 278.27, -0.02, 4.41, 11.61
3/29/2025 21:45:45, 3, 1, 0, 0, 334924872, -820052599, 18, 586, 27266102, 0, 11.37, 275.90, 271.30, 0.03, -1.36, 19.45
3/29/2025 21:45:46, 3, 1, 0, 0, 334924870, -820052653, 19, 562, 27445320, 0, 10.87, 276.28, 275.61, 0.00, 1.16, 19.45
3/29/2025 21:45:47, 3, 1, 0, 0, 334924873, -820052711, 19, 592, 28216720, 0, 10.33, 276.43, 276.99, -0.00, -5.18, 19.45
3/29/2025 21:45:48, 3, 1, 0, 0, 334924878, -820052771, 24, 617, 27996656, 0, 9.77, 276.47, 278.05, -0.01, -1.92, 19.45
3/29/2025 21:45:49, 3, 1, 0, 0, 334924886, -820052831, 24, 635, 28426340, 0, 9.21, 276.31, 278.92, -0.01, -5.34, 19.45
3/29/2025 21:45:50, 3, 1, 0, 0, 334924897, -820052890, 24, 610, 28460844, 0, 8.65, 275.90, 279.67, -0.02, -4.94, 19.45
3/29/2025 21:45:51, 3, 1, 0, 0, 334924909, -820052944, 24, 586, 28700204, 0, 8.14, 275.33, 278.30, -0.02, -8.70, 19.45
3/29/2025 21:45:52, 3, 1, 0, 0, 334924920, -820053002, 24, 597, 28288948, 0, 7.60, 274.79, 278.49, -0.02, -4.40, 19.45
3/29/2025 21:45:53, 3, 1, 0, 0, 334924932, -820053058, 24, 584, 28689922, 0, 7.07, 274.06, 277.17, -0.02, -9.73, 19.45
3/29/2025 21:45:54, 3, 1, 0, 0, 334924944, -820053117, 24, 597, 28349476, 0, 6.51, 273.23, 277.36, -0.02, -6.13, 19.45
3/29/2025 21:45:55, 3, 1, 0, 0, 334924958, -820053167, 25, 562, 28742202, 0, 6.04, 272.00, 279.52, -0.04, -7.91, 14.80
3/29/2025 21:45:56, 3, 1, 0, 0, 334924971, -820053218, 25, 554, 28411614, 0, 5.57, 270.69, 273.14, -0.01, -10.98, 14.80
3/29/2025 21:45:57, 3, 1, 0, 0, 334924978, -820053269, 25, 542, 27665074, 0, 5.09, 269.87, 272.39, -0.01, -4.26, 14.80
3/29/2025 21:45:58, 3, 1, 0, 0, 334924983, -820053324, 25, 575, 27650792, 0, 4.58, 269.17, 272.39, -0.02, -4.12, 14.80
3/29/2025 21:45:59, 3, 1, 0, 0, 334924989, -820053381, 25, 598, 27749952, 0, 4.06, 268.11, 272.83, -0.03, -4.67, 14.80
3/29/2025 21:46:0, 3, 1, 0, 0, 334924997, -820053440, 25, 593, 27928456, 0, 3.51, 266.37, 269.45, -0.02, -9.83, 14.80
3/29/2025 21:46:1, 3, 1, 0, 0, 334925002, -820053498, 25, 582, 27415904, 0, 2.98, 264.65, 269.45, -0.03, -4.71, 14.80
3/29/2025 21:46:2, 3, 1, 0, 0, 334925008, -820053556, 25, 581, 27753518, 0, 2.45, 261.92, 265.83, -0.02, -11.71, 14.80
3/29/2025 21:46:3, 3, 1, 0, 0, 334925012, -820053612, 26, 558, 27273140, 0, 1.95, 258.48, 263.95, -0.03, -8.78, 14.80
3/29/2025 21:46:4, 3, 1, 0, 0, 334925014, -820053667, 26, 552, 27096224, 0, 19.26, 16.79, 266.83, 0.61, -4.13, 7.36
3/29/2025 21:46:4, 3, 1, 0, 0, 334925014, -820053667, 26, 552, 27096224, 0, 19.26, 16.79, 13.45, 0.02, -257.51, 7.36
3/29/2025 21:46:11, 3, 1, 0, 0, 334925045, -820053799, 26, 135, 35880344, 0, 19.33, 20.57, 24.52, -0.02, -334.29, 7.36
3/29/2025 21:46:12, 3, 1, 0, 0, 334925070, -820053788, 26, 349, 2241178, 0, 19.03, 20.57, 22.77, -0.01, 0.36, 7.36
3/29/2025 21:46:13, 3, 1, 0, 0, 334925104, -820053771, 26, 422, 2190312, 0, 18.62, 20.53, 23.45, -0.02, 1.55, 7.36
3/29/2025 21:46:14, 3, 1, 0, 0, 334925144, -820053749, 26, 507, 2544846, 0, 18.13, 20.42, 23.45, -0.02, -1.99, 7.36
3/29/2025 21:46:15, 3, 1, 0, 0, 334925187, -820053722, 27, 543, 2890500, 0, 17.60, 20.20, 7.39, 0.07, -21.51, 23.29
3/29/2025 21:46:16, 3, 1, 0, 0, 334925231, -820053694, 27, 552, 2759381, 0, 17.05, 19.94, 16.77, 0.02, -10.83, 23.29
3/29/2025 21:46:17, 3, 1, 0, 0, 334925263, -820053671, 27, 351, 3289811, 0, 16.64, 19.67, 22.83, -0.02, -10.07, 23.29
3/29/2025 21:46:18, 3, 1, 0, 0, 334925293, -820053638, 28, 502, 4526631, 0, 16.23, 19.05, 23.14, -0.02, -22.12, 23.29
3/29/2025 21:46:19, 3, 1, 0, 0, 334925325, -820053595, 29, 545, 4671984, 0, 15.76, 18.10, 20.27, -0.01, -26.45, 23.29
3/29/2025 21:46:20, 3, 1, 0, 0, 334925360, -820053555, 30, 536, 4161448, 0, 15.28, 17.23, 19.89, -0.01, -21.72, 23.29
3/29/2025 21:46:21, 3, 1, 0, 0, 334925396, -820053515, 30, 550, 4138388, 0, 14.79, 16.32, 19.89, -0.02, -21.49, 23.29
3/29/2025 21:46:22, 3, 1, 0, 0, 334925433, -820053475, 30, 561, 4152897, 0, 14.29, 15.36, 19.89, -0.03, -21.64, 23.29
3/29/2025 21:46:23, 3, 1, 0, 0, 334925470, -820053434, 30, 561, 4233370, 0, 13.80, 14.29, 16.27, -0.01, -26.07, 23.29
3/29/2025 21:46:24, 3, 1, 0, 0, 334925507, -820053396, 30, 533, 3831252, 0, 13.31, 13.25, 15.96, -0.02, -22.36, 23.29
3/29/2025 21:46:25, 3, 1, 0, 0, 334925545, -820053361, 30, 546, 3681667, 0, 12.83, 12.27, 36.33, -0.13, -0.49, 2.86
3/29/2025 21:46:26, 3, 1, 0, 0, 334925584, -820053324, 30, 555, 3759522, 0, 12.33, 11.14, 15.58, -0.02, -22.02, 2.86
3/29/2025 21:46:28, 3, 1, 0, 0, 334925647, -820053279, 30, 370, 1902959, 0, 11.57, 9.79, 9.89, -0.00, -9.14, 2.86
3/29/2025 21:46:29, 3, 1, 0, 0, 334925687, -820053269, 30, 498, 876679, 0, 11.11, 9.71, 9.45, 0.00, 0.68, 2.86
3/29/2025 21:46:30, 3, 1, 0, 0, 334925733, -820053261, 30, 540, 804599, 0, 10.60, 9.78, 9.45, 0.00, 1.41, 2.86
3/29/2025 21:46:31, 3, 1, 0, 0, 334925782, -820053252, 30, 566, 799544, 0, 10.05, 9.83, 9.45, 0.00, 1.46, 2.86
3/29/2025 21:46:32, 3, 1, 0, 0, 334925831, -820053244, 30, 563, 878038, 0, 9.50, 9.96, 9.45, 0.00, 0.67, 2.86
3/29/2025 21:46:33, 3, 1, 0, 0, 334925881, -820053235, 30, 568, 868397, 0, 8.93, 10.04, 9.45, 0.00, 0.77, 2.86
3/29/2025 21:46:34, 3, 1, 0, 0, 334925931, -820053225, 30, 565, 944305, 0, 8.37, 10.08, 9.45, 0.00, 0.01, 2.86
3/29/2025 21:46:35, 3, 1, 0, 0, 334925980, -820053216, 30, 566, 946270, 0, 7.82, 10.18, 12.37, -0.01, 2.91, -0.06
3/29/2025 21:46:36, 3, 1, 0, 0, 334926030, -820053206, 30, 565, 881693, 0, 7.26, 10.24, 12.37, -0.01, 3.56, -0.06
3/29/2025 21:46:37, 3, 1, 0, 0, 334926079, -820053197, 30, 564, 905243, 0, 6.71, 10.36, 12.37, -0.01, 3.32, -0.06
3/29/2025 21:46:38, 3, 1, 0, 0, 334926130, -820053187, 30, 575, 875292, 0, 6.13, 10.46, 12.31, -0.01, 3.56, -0.06
3/29/2025 21:46:39, 3, 1, 0, 0, 334926180, -820053178, 30, 572, 967901, 0, 5.57, 10.66, 12.37, -0.01, 2.70, -0.06
3/29/2025 21:46:40, 3, 1, 0, 0, 334926231, -820053167, 30, 583, 999507, 0, 4.99, 10.71, 12.37, -0.01, 2.38, -0.06
3/29/2025 21:46:41, 3, 1, 0, 0, 334926281, -820053156, 30, 575, 1037412, 0, 4.43, 10.75, 12.37, -0.01, 2.00, -0.06
3/29/2025 21:46:42, 3, 1, 0, 0, 334926332, -820053144, 30, 584, 1112167, 0, 3.85, 10.70, 12.37, -0.01, 1.25, -0.06
3/29/2025 21:46:43, 3, 1, 0, 0, 334926383, -820053131, 30, 587, 1232797, 0, 3.27, 10.46, 12.37, -0.01, 0.05, -0.06
3/29/2025 21:46:44, 3, 1, 0, 0, 334926434, -820053119, 30, 582, 1191151, 0, 2.69, 10.33, 12.37, -0.01, 0.46, -0.06
3/29/2025 21:46:45, 3, 1, 0, 0, 334926484, -820053105, 30, 584, 1354937, 0, 2.12, 9.57, 12.44, -0.02, -1.11, -0.06
3/29/2025 21:46:46, 3, 1, 0, 0, 334926535, -820053090, 30, 586, 1441575, 0, 1.54, 7.97, 10.58, -0.01, -3.83, 1.85
3/29/2025 21:46:47, 3, 1, 0, 0, 334926585, -820053074, 30, 583, 1534190, 0, 21.67, 288.40, 14.42, -0.48, -0.93, -1.98
3/29/2025 21:46:47, 3, 1, 0, 0, 334926585, -820053074, 30, 583, 1534190, 0, 21.67, 288.40, 291.67, -0.02, 276.32, -1.98
3/29/2025 21:46:54, 3, 1, 0, 0, 334926775, -820053108, 31, 332, 30561690, 0, 20.79, 283.14, 283.35, -0.00, -22.26, -1.98
3/29/2025 21:46:55, 3, 1, 0, 0, 334926790, -820053152, 31, 491, 29047096, 0, 20.36, 282.94, 282.17, 0.00, -8.31, -1.98
3/29/2025 21:46:56, 3, 1, 0, 0, 334926804, -820053207, 31, 553, 28698906, 0, 19.83, 282.84, 282.17, 0.00, -4.82, -1.98
3/29/2025 21:46:57, 3, 1, 0, 0, 334926819, -820053267, 31, 593, 28755144, 0, 19.25, 282.72, 282.35, 0.00, -5.20, -1.98
3/29/2025 21:46:58, 3, 1, 0, 0, 334926836, -820053326, 31, 580, 28897176, 0, 18.67, 282.52, 301.15, -0.10, 12.18, -20.78
3/29/2025 21:46:59, 3, 1, 0, 0, 334926853, -820053386, 31, 594, 29040760, 0, 18.09, 282.32, 285.90, -0.02, -4.50, -20.78
3/29/2025 21:47:1, 3, 1, 0, 0, 334926872, -820053487, 31, 483, 27410336, 0, 17.13, 282.30, 280.47, 0.01, 6.36, -20.78
3/29/2025 21:47:2, 3, 1, 0, 0, 334926872, -820053544, 31, 552, 26945760, 0, 16.61, 282.69, 280.28, 0.01, 10.82, -20.78
3/29/2025 21:47:3, 3, 1, 0, 0, 334926872, -820053606, 31, 583, 27151828, 0, 16.05, 283.14, 280.28, 0.02, 8.76, -20.78
3/29/2025 21:47:4, 3, 1, 0, 0, 334926873, -820053671, 31, 604, 27096744, 0, 15.46, 283.61, 280.28, 0.02, 9.31, -20.78
3/29/2025 21:47:5, 3, 1, 0, 0, 334926874, -820053736, 32, 609, 27277670, 0, 14.87, 284.11, 280.65, 0.02, 7.88, -20.78
3/29/2025 21:47:6, 3, 1, 0, 0, 334926877, -820053802, 32, 613, 27370500, 0, 14.27, 284.58, 281.22, 0.02, 7.51, -20.78
3/29/2025 21:47:7, 3, 1, 0, 0, 334926880, -820053868, 32, 617, 27516972, 0, 13.67, 285.09, 281.59, 0.02, 6.42, -20.78
3/29/2025 21:47:8, 3, 1, 0, 0, 334926886, -820053934, 32, 612, 27659486, 0, 13.06, 285.51, 281.72, 0.02, 5.12, -20.78
3/29/2025 21:47:9, 3, 1, 0, 0, 334926891, -820053998, 32, 583, 27742568, 0, 12.48, 285.99, 277.04, 0.05, -0.39, -13.79
3/29/2025 21:47:10, 3, 1, 0, 0, 334926898, -820054056, 32, 523, 27858628, 0, 11.94, 286.34, 285.79, 0.00, 7.20, -13.79
3/29/2025 21:47:11, 3, 1, 0, 0, 334926911, -820054111, 32, 542, 29073100, 0, 11.41, 286.37, 288.60, -0.01, -2.13, -13.79
3/29/2025 21:47:12, 3, 1, 0, 0, 334926930, -820054168, 32, 584, 29300190, 0, 10.84, 286.08, 289.54, -0.02, -3.47, -13.79
3/29/2025 21:47:13, 3, 1, 0, 0, 334926951, -820054227, 32, 603, 29374996, 0, 10.25, 285.68, 289.79, -0.02, -3.96, -13.79
3/29/2025 21:47:14, 3, 1, 0, 0, 334926972, -820054283, 32, 557, 29553964, 0, 9.69, 285.18, 287.54, -0.01, -8.00, -13.79
3/29/2025 21:47:15, 3, 1, 0, 0, 334926991, -820054341, 32, 589, 29093066, 0, 9.11, 284.78, 287.54, -0.02, -3.40, -13.79
3/29/2025 21:47:16, 3, 1, 0, 0, 334927010, -820054401, 32, 595, 29236794, 0, 8.52, 284.36, 287.54, -0.02, -4.83, -13.79
3/29/2025 21:47:17, 3, 1, 0, 0, 334927031, -820054461, 32, 600, 29345266, 0, 7.93, 283.72, 287.60, -0.02, -5.85, -13.79
3/29/2025 21:47:18, 3, 1, 0, 0, 334927053, -820054517, 32, 572, 29589028, 0, 7.36, 282.83, 285.85, -0.02, -10.04, -13.79
3/29/2025 21:47:19, 3, 1, 0, 0, 334927073, -820054575, 32, 580, 29236092, 0, 6.79, 282.01, 285.85, -0.02, -6.51, -13.79
3/29/2025 21:47:20, 3, 1, 0, 0, 334927093, -820054631, 32, 561, 29504698, 0, 6.24, 281.00, 287.62, -0.04, -7.43, -17.55
3/29/2025 21:47:21, 3, 1, 0, 0, 334927112, -820054685, 32, 544, 29346274, 0, 5.71, 279.88, 281.62, -0.01, -11.85, -17.55
3/29/2025 21:47:22, 3, 1, 0, 0, 334927127, -820054741, 32, 549, 28535858, 0, 5.17, 279.04, 280.80, -0.01, -4.56, -17.55
3/29/2025 21:47:23, 3, 1, 0, 0, 334927140, -820054800, 32, 574, 28636636, 0, 4.60, 278.34, 280.80, -0.01, -5.56, -17.55
3/29/2025 21:47:24, 3, 1, 0, 0, 334927155, -820054861, 32, 585, 28748566, 0, 4.02, 277.15, 280.80, -0.02, -6.68, -17.55
3/29/2025 21:47:25, 3, 1, 0, 0, 334927171, -820054919, 32, 562, 28882586, 0, 3.47, 275.34, 279.37, -0.02, -9.46, -17.55
3/29/2025 21:47:26, 3, 1, 0, 0, 334927186, -820054976, 32, 547, 28798332, 0, 2.93, 273.05, 276.99, -0.02, -10.99, -17.55
3/29/2025 21:47:27, 3, 1, 0, 0, 334927199, -820055032, 32, 540, 28524468, 0, 2.40, 270.27, 274.62, -0.02, -10.63, -17.55
3/29/2025 21:47:28, 3, 1, 0, 0, 334927211, -820055089, 32, 541, 28532728, 0, 1.88, 266.26, 271.62, -0.03, -13.71, -17.55
3/29/2025 21:47:29, 3, 1, 0, 0, 334927221, -820055145, 32, 533, 28121110, 0, 20.79, 206.07, 275.60, -0.39, -5.61, -26.54
3/29/2025 21:47:29, 3, 1, 0, 0, 334927221, -820055145, 32, 533, 28121110, 0, 20.79, 206.07, 209.41, -0.02, -71.80, -26.54
3/29/2025 21:47:35, 3, 1, 0, 0, 334927180, -820055357, 32, 330, 21743956, 0, 19.58, 201.48, 202.29, -0.00, -15.15, -26.54
3/29/2025 21:47:36, 3, 1, 0, 0, 334927146, -820055381, 32, 484, 20864826, 0, 19.15, 201.28, 202.16, -0.00, -6.48, -26.54
3/29/2025 21:47:37, 3, 1, 0, 0, 334927103, -820055409, 32, 552, 20840544, 0, 18.61, 201.07, 203.41, -0.01, -4.99, -26.54
3/29/2025 21:47:38, 3, 1, 0, 0, 334927058, -820055440, 32, 573, 21072872, 0, 18.04, 200.79, 204.85, -0.02, -5.88, -26.54
3/29/2025 21:47:39, 3, 1, 0, 0, 334927015, -820055473, 32, 559, 21490930, 0, 17.48, 200.40, 202.60, -0.01, -12.31, -26.54
3/29/2025 21:47:40, 3, 1, 0, 0, 334926973, -820055505, 32, 555, 21111238, 0, 16.94, 200.01, 219.73, -0.11, 8.61, -42.85
3/29/2025 21:47:41, 3, 1, 0, 0, 334926930, -820055539, 32, 559, 21499442, 0, 16.38, 199.55, 203.48, -0.02, -11.52, -42.85
3/29/2025 21:47:43, 3, 1, 0, 0, 334926860, -820055584, 32, 406, 19896414, 0, 15.51, 199.06, 197.10, 0.01, -1.86, -42.85
3/29/2025 21:47:44, 3, 1, 0, 0, 334926818, -820055596, 32, 504, 19149452, 0, 15.03, 199.24, 197.04, 0.01, 5.54, -42.85
3/29/2025 21:47:45, 3, 1, 0, 0, 334926771, -820055608, 32, 543, 19265602, 0, 14.50, 199.50, 197.29, 0.01, 4.63, -42.85
3/29/2025 21:47:46, 3, 1, 0, 0, 334926722, -820055623, 32, 558, 19464368, 0, 13.94, 199.71, 198.23, 0.01, 3.58, -42.85
3/29/2025 21:47:47, 3, 1, 0, 0, 334926667, -820055631, 32, 583, 19517104, 0, 13.34, 200.30, 198.98, 0.01, 3.81, -42.85
3/29/2025 21:47:48, 3, 1, 0, 0, 334926608, -820055645, 32, 573, 19780468, 0, 12.68, 200.78, 199.85, 0.01, 2.05, -42.85
3/29/2025 21:47:49, 3, 1, 0, 0, 334926544, -820055660, 32, 588, 19956788, 0, 11.97, 201.36, 200.73, 0.00, 1.16, -42.85
3/29/2025 21:47:50, 3, 1, 0, 0, 334926486, -820055681, 32, 592, 20140540, 0, 11.30, 201.64, 201.54, 0.00, 0.13, -42.85
3/29/2025 21:47:51, 3, 1, 0, 0, 334926426, -820055697, 32, 590, 20387464, 0, 10.62, 202.22, 200.67, 0.01, -3.21, -41.23
3/29/2025 21:47:52, 3, 1, 0, 0, 334926369, -820055719, 32, 594, 20527700, 0, 9.96, 202.51, 200.98, 0.01, -4.30, -41.23
3/29/2025 21:47:53, 3, 1, 0, 0, 334926313, -820055744, 32, 593, 20665716, 0, 9.29, 202.66, 201.29, 0.01, -5.37, -41.23
3/29/2025 21:47:54, 3, 1, 0, 0, 334926261, -820055770, 32, 590, 20838060, 0, 8.67, 202.66, 201.79, 0.00, -6.59, -41.23
3/29/2025 21:47:55, 3, 1, 0, 0, 334926212, -820055798, 32, 586, 20960550, 0, 8.06, 202.45, 202.17, 0.00, -7.44, -41.23
3/29/2025 21:47:56, 3, 1, 0, 0, 334926165, -820055831, 32, 589, 21096520, 0, 7.46, 201.81, 202.60, -0.00, -8.36, -41.23
3/29/2025 21:47:57, 3, 1, 0, 0, 334926119, -820055864, 32, 591, 21165324, 0, 6.88, 201.03, 203.17, -0.01, -8.49, -41.23
3/29/2025 21:47:58, 3, 1, 0, 0, 334926074, -820055899, 32, 585, 21292952, 0, 6.29, 199.91, 203.79, -0.02, -9.14, -41.23
3/29/2025 21:47:59, 3, 1, 0, 0, 334926028, -820055935, 32, 569, 21689574, 0, 5.70, 198.50, 201.92, -0.02, -14.98, -41.23
3/29/2025 21:48:0, 3, 1, 0, 0, 334925980, -820055970, 32, 569, 21147218, 0, 5.09, 196.94, 201.92, -0.03, -9.56, -41.23
3/29/2025 21:48:1, 3, 1, 0, 0, 334925933, -820056005, 32, 558, 21628938, 0, 4.50, 194.93, 205.84, -0.06, -10.44, -48.97
3/29/2025 21:48:2, 3, 1, 0, 0, 334925887, -820056037, 32, 535, 21240974, 0, 3.93, 192.67, 197.97, -0.03, -14.44, -48.97
3/29/2025 21:48:3, 3, 1, 0, 0, 334925844, -820056060, 32, 447, 20498202, 0, 3.42, 190.94, 192.78, -0.01, -12.20, -48.97
3/29/2025 21:48:4, 3, 1, 0, 0, 334925798, -820056078, 32, 523, 19842008, 0, 2.89, 189.61, 192.72, -0.02, -5.70, -48.97
3/29/2025 21:48:5, 3, 1, 0, 0, 334925748, -820056098, 32, 558, 20065586, 0, 2.31, 187.38, 192.84, -0.03, -7.81, -48.97
3/29/2025 21:48:6, 3, 1, 0, 0, 334925700, -820056118, 32, 561, 20304462, 0, 1.76, 183.62, 188.47, -0.03, -14.57, -48.97
3/29/2025 21:48:7, 3, 1, 0, 0, 334925654, -820056136, 32, 523, 19957942, 0, 22.91, 109.19, 195.21, -0.48, -4.37, -59.83
3/29/2025 21:48:7, 3, 1, 0, 0, 334925654, -820056136, 32, 523, 19957942, 0, 22.91, 109.19, 112.77, -0.02, -86.81, -59.83
3/29/2025 21:48:14, 3, 1, 0, 0, 334925471, -820056100, 32, 304, 11902154, 0, 22.00, 104.46, 103.71, 0.00, -15.31, -59.83
3/29/2025 21:48:15, 3, 1, 0, 0, 334925457, -820056058, 32, 461, 10851744, 0, 21.59, 104.32, 101.89, 0.01, -6.62, -59.83
3/29/2025 21:48:16, 3, 1, 0, 0, 334925446, -820056007, 32, 521, 10369906, 0, 21.10, 104.31, 101.83, 0.01, -1.87, -59.83
3/29/2025 21:48:17, 3, 1, 0, 0, 334925434, -820055952, 32, 542, 10509986, 0, 20.57, 104.31, 101.71, 0.01, -3.39, -59.83
3/29/2025 21:48:18, 3, 1, 0, 0, 334925422, -820055895, 32, 540, 10644090, 0, 20.03, 104.31, 118.86, -0.08, 12.42, -76.99
3/29/2025 21:48:19, 3, 1, 0, 0, 334925408, -820055840, 32, 533, 10878978, 0, 19.49, 104.24, 107.80, -0.02, -0.99, -76.99
3/29/2025 21:48:20, 3, 1, 0, 0, 334925398, -820055796, 32, 389, 10382630, 0, 19.07, 104.21, 102.11, 0.01, -1.72, -76.99
3/29/2025 21:48:21, 3, 1, 0, 0, 334925397, -820055747, 32, 484, 8982822, 0, 18.63, 104.52, 101.42, 0.02, 11.60, -76.99
3/29/2025 21:48:22, 3, 1, 0, 0, 334925398, -820055693, 32, 528, 9022882, 0, 18.15, 104.95, 101.42, 0.02, 11.19, -76.99
3/29/2025 21:48:23, 3, 1, 0, 0, 334925399, -820055635, 32, 547, 9032538, 0, 17.63, 105.44, 101.36, 0.02, 11.04, -76.99
3/29/2025 21:48:24, 3, 1, 0, 0, 334925398, -820055577, 32, 557, 9097610, 0, 17.11, 105.88, 104.11, 0.01, 13.13, -76.99
3/29/2025 21:48:25, 3, 1, 0, 0, 334925396, -820055521, 32, 533, 9381160, 0, 16.60, 106.30, 104.30, 0.01, 10.49, -76.99
3/29/2025 21:48:26, 3, 1, 0, 0, 334925391, -820055463, 32, 551, 9631858, 0, 16.07, 106.65, 104.24, 0.01, 7.92, -76.99
3/29/2025 21:48:27, 3, 1, 0, 0, 334925386, -820055405, 32, 553, 9646850, 0, 15.54, 107.02, 104.30, 0.02, 7.83, -76.99
3/29/2025 21:48:28, 3, 1, 0, 0, 334925380, -820055347, 32, 562, 9683476, 0, 15.01, 107.38, 95.94, 0.06, -0.90, -68.69
3/29/2025 21:48:29, 3, 1, 0, 0, 334925374, -820055289, 32, 560, 9771472, 0, 14.47, 107.76, 105.56, 0.01, 7.85, -68.69
3/29/2025 21:48:30, 3, 1, 0, 0, 334925369, -820055245, 32, 360, 9819098, 0, 14.07, 108.05, 110.25, -0.01, 12.06, -68.69
3/29/2025 21:48:31, 3, 1, 0, 0, 334925356, -820055200, 32, 489, 11345502, 0, 13.63, 108.02, 110.81, -0.02, -2.64, -68.69
3/29/2025 21:48:32, 3, 1, 0, 0, 334925336, -820055150, 32, 535, 11550900, 0, 13.12, 107.72, 110.87, -0.02, -4.63, -68.69
3/29/2025 21:48:33, 3, 1, 0, 0, 334925315, -820055096, 32, 550, 11647992, 0, 12.57, 107.40, 111.00, -0.02, -5.48, -68.69
3/29/2025 21:48:34, 3, 1, 0, 0, 334925293, -820055042, 32, 553, 11655956, 0, 12.02, 107.00, 111.00, -0.02, -5.56, -68.69
3/29/2025 21:48:36, 3, 1, 0, 0, 334925251, -820054935, 32, 529, 11474070, 0, 10.93, 106.18, 108.75, -0.01, -5.99, -68.69
3/29/2025 21:48:37, 3, 1, 0, 0, 334925230, -820054883, 32, 538, 11476454, 0, 10.41, 105.69, 108.56, -0.02, -6.20, -68.69
3/29/2025 21:48:38, 3, 1, 0, 0, 334925210, -820054830, 32, 543, 11443910, 0, 9.87, 105.22, 108.50, -0.02, -5.94, -68.69
3/29/2025 21:48:39, 3, 1, 0, 0, 334925189, -820054776, 32, 551, 11495520, 0, 9.33, 104.64, 110.26, -0.03, -4.70, -70.45
3/29/2025 21:48:40, 3, 1, 0, 0, 334925170, -820054726, 32, 488, 11309890, 0, 8.83, 104.08, 105.45, -0.01, -7.65, -70.45
3/29/2025 21:48:41, 3, 1, 0, 0, 334925152, -820054672, 32, 539, 11009242, 0, 8.29, 103.58, 105.01, -0.01, -5.08, -70.45
3/29/2025 21:48:42, 3, 1, 0, 0, 334925135, -820054616, 32, 550, 11058492, 0, 7.74, 103.12, 105.01, -0.01, -5.58, -70.45
3/29/2025 21:48:43, 3, 1, 0, 0, 334925117, -820054559, 32, 555, 11105362, 0, 7.18, 102.52, 105.01, -0.01, -6.04, -70.45
3/29/2025 21:48:44, 3, 1, 0, 0, 334925098, -820054502, 32, 562, 11182600, 0, 6.62, 101.73, 105.01, -0.02, -6.82, -70.45
3/29/2025 21:48:45, 3, 1, 0, 0, 334925079, -820054446, 32, 561, 11283096, 0, 6.07, 100.77, 105.01, -0.02, -7.82, -70.45
3/29/2025 21:48:46, 3, 1, 0, 0, 334925062, -820054390, 32, 536, 10994916, 0, 5.53, 99.85, 102.07, -0.01, -7.88, -70.45
3/29/2025 21:48:47, 3, 1, 0, 0, 334925044, -820054334, 32, 553, 11007434, 0, 4.98, 98.60, 101.88, -0.02, -8.19, -70.45
3/29/2025 21:48:48, 3, 1, 0, 0, 334925026, -820054277, 32, 564, 10965874, 0, 4.43, 97.07, 101.82, -0.03, -7.84, -70.45
3/29/2025 21:48:49, 3, 1, 0, 0, 334925010, -820054224, 32, 508, 10870766, 0, 3.92, 95.37, 104.46, -0.05, -4.25, -77.21
3/29/2025 21:48:50, 3, 1, 0, 0, 334924997, -820054177, 32, 433, 10730182, 0, 3.48, 93.67, 96.46, -0.02, -10.85, -77.21
3/29/2025 21:48:51, 3, 1, 0, 0, 334924990, -820054125, 32, 518, 9529922, 0, 2.99, 92.77, 94.27, -0.01, -1.03, -77.21
3/29/2025 21:48:52, 3, 1, 0, 0, 334924984, -820054068, 32, 541, 9721794, 0, 2.46, 91.81, 93.96, -0.01, -3.26, -77.21
3/29/2025 21:48:53, 3, 1, 0, 0, 334924978, -820054010, 32, 556, 9714188, 0, 1.92, 90.33, 93.96, -0.02, -3.19, -77.21
3/29/2025 21:48:54, 3, 1, 0, 0, 334924972, -820053958, 32, 446, 9846502, 0, 19.97, 104.52, 97.97, 0.04, -0.50, -81.72
3/29/2025 21:48:55, 3, 1, 0, 0, 334924969, -820053920, 32, 311, 9431804, 0, 19.62, 104.68, 103.78, 0.00, 9.46, -81.72
3/29/2025 21:48:56, 3, 1, 0, 0, 334924960, -820053876, 32, 462, 10783706, 0, 19.20, 104.70, 107.16, -0.01, -0.68, -81.72
3/29/2025 21:48:57, 3, 1, 0, 0, 334924946, -820053824, 32, 531, 10994530, 0, 18.69, 104.61, 107.41, -0.02, -2.54, -81.72
3/29/2025 21:48:58, 3, 1, 0, 0, 334924929, -820053768, 32, 556, 11028224, 0, 18.14, 104.45, 107.47, -0.02, -2.81, -81.72
3/29/2025 21:48:59, 3, 1, 0, 0, 334924912, -820053711, 32, 570, 11081746, 0, 17.58, 104.28, 107.47, -0.02, -3.35, -81.72
3/29/2025 21:49:0, 3, 1, 0, 0, 334924893, -820053655, 32, 569, 11137472, 0, 17.03, 104.02, 107.47, -0.02, -3.91, -81.72
3/29/2025 21:49:1, 3, 1, 0, 0, 334924874, -820053599, 32, 574, 11244192, 0, 16.47, 103.75, 107.47, -0.02, -4.97, -81.72
3/29/2025 21:49:2, 3, 1, 0, 0, 334924856, -820053546, 32, 531, 11255300, 0, 15.95, 103.47, 105.53, -0.01, -7.02, -81.72
3/29/2025 21:49:3, 3, 1, 0, 0, 334924837, -820053492, 32, 556, 11175924, 0, 15.41, 103.14, 105.41, -0.01, -6.35, -81.72
3/29/2025 21:49:4, 3, 1, 0, 0, 334924819, -820053437, 32, 566, 11212392, 0, 14.87, 102.84, 107.68, -0.03, -4.44, -83.99
3/29/2025 21:49:5, 3, 1, 0, 0, 334924800, -820053387, 32, 492, 11409354, 0, 14.37, 102.43, 103.99, -0.01, -10.10, -83.99
3/29/2025 21:49:6, 3, 1, 0, 0, 334924785, -820053334, 32, 541, 10902278, 0, 13.86, 102.19, 103.87, -0.01, -5.15, -83.99
3/29/2025 21:49:7, 3, 1, 0, 0, 334924767, -820053278, 32, 554, 11144896, 0, 13.31, 101.82, 103.87, -0.01, -7.58, -83.99
3/29/2025 21:49:8, 3, 1, 0, 0, 334924749, -820053223, 32, 551, 11255788, 0, 12.77, 101.41, 103.87, -0.01, -8.69, -83.99
3/29/2025 21:49:9, 3, 1, 0, 0, 334924729, -820053167, 32, 562, 11338388, 0, 12.21, 100.87, 103.87, -0.02, -9.52, -83.99
3/29/2025 21:49:10, 3, 1, 0, 0, 334924708, -820053112, 32, 556, 11512846, 0, 11.67, 100.21, 103.87, -0.02, -11.26, -83.99
3/29/2025 21:49:11, 3, 1, 0, 0, 334924688, -820053060, 32, 509, 11611062, 0, 11.15, 99.53, 101.93, -0.01, -14.18, -83.99
3/29/2025 21:49:12, 3, 1, 0, 0, 334924668, -820053008, 32, 542, 11319454, 0, 10.64, 98.78, 101.99, -0.02, -11.20, -83.99
3/29/2025 21:49:13, 3, 1, 0, 0, 334924647, -820052955, 32, 550, 11512576, 0, 10.12, 97.89, 101.93, -0.02, -13.20, -83.99
3/29/2025 21:49:14, 3, 1, 0, 0, 334924625, -820052905, 32, 502, 11697146, 0, 9.63, 96.83, 108.90, -0.07, -8.07, -93.53
3/29/2025 21:49:15, 3, 1, 0, 0, 334924605, -820052860, 32, 458, 11702742, 0, 9.19, 95.76, 100.03, -0.02, -17.00, -93.53
3/29/2025 21:49:16, 3, 1, 0, 0, 334924592, -820052815, 32, 451, 10401292, 0, 8.76, 95.10, 94.90, 0.00, -9.11, -93.53
3/29/2025 21:49:17, 3, 1, 0, 0, 334924582, -820052764, 32, 509, 10091050, 0, 8.28, 94.62, 93.71, 0.01, -7.20, -93.53
3/29/2025 21:49:18, 3, 1, 0, 0, 334924573, -820052710, 32, 523, 10179424, 0, 7.78, 94.18, 92.84, 0.01, -8.96, -93.53
3/29/2025 21:49:19, 3, 1, 0, 0, 334924564, -820052654, 32, 527, 10185280, 0, 7.25, 93.69, 91.96, 0.01, -9.89, -93.53
3/29/2025 21:49:20, 3, 1, 0, 0, 334924554, -820052598, 32, 542, 10304168, 0, 6.73, 93.03, 91.46, 0.01, -11.58, -93.53
3/29/2025 21:49:21, 3, 1, 0, 0, 334924543, -820052541, 32, 546, 10293444, 0, 6.19, 92.16, 91.46, 0.00, -11.47, -93.53
3/29/2025 21:49:22, 3, 1, 0, 0, 334924533, -820052484, 32, 549, 10336240, 0, 5.66, 91.24, 91.46, -0.00, -11.90, -93.53
3/29/2025 21:49:23, 3, 1, 0, 0, 334924523, -820052427, 32, 546, 10381160, 0, 5.13, 90.12, 91.46, -0.01, -12.35, -93.53
3/29/2025 21:49:24, 3, 1, 0, 0, 334924512, -820052371, 32, 545, 10375796, 0, 4.61, 88.62, 91.53, -0.02, -12.23, -93.53
3/29/2025 21:49:25, 3, 1, 0, 0, 334924501, -820052315, 32, 547, 10350852, 0, 4.10, 86.73, 102.41, -0.09, -1.10, -104.41
3/29/2025 21:49:26, 3, 1, 0, 0, 334924489, -820052261, 32, 503, 10642172, 0, 3.61, 84.16, 90.22, -0.03, -16.20, -104.41
3/29/2025 21:49:27, 3, 1, 0, 0, 334924481, -820052218, 32, 384, 9862970, 0, 3.22, 81.87, 84.04, -0.01, -14.59, -104.41
3/29/2025 21:49:28, 3, 1, 0, 0, 334924482, -820052169, 32, 491, 8323552, 0, 2.77, 80.77, 83.10, -0.01, -0.14, -104.41
3/29/2025 21:49:29, 3, 1, 0, 0, 334924486, -820052115, 32, 530, 8442890, 0, 2.27, 79.84, 82.97, -0.02, -1.45, -104.41
3/29/2025 21:49:30, 3, 1, 0, 0, 334924490, -820052058, 32, 537, 8592300, 0, 1.74, 78.22, 82.97, -0.03, -2.95, -104.41
3/29/2025 21:49:31, 3, 1, 0, 0, 334924493, -820052000, 32, 553, 8623292, 0, 17.70, 287.70, 333.00, -0.25, 246.77, 0.00
3/29/2025 21:49:31, 3, 1, 0, 0, 334924493, -820052000, 32, 553, 8623292, 0, 17.70, 287.70, 291.25, -0.02, 205.02, 0.00
3/29/2025 21:49:36, 3, 1, 0, 0, 334924528, -820051846, 32, 270, 4638987, 0, 18.96, 285.27, 283.87, 0.01, 237.49, 0.00
3/29/2025 21:49:37, 3, 1, 0, 0, 334924556, -820051824, 32, 443, 2994949, 0, 19.08, 284.21, 283.19, 0.01, 253.24, 0.00
3/29/2025 21:49:38, 3, 1, 0, 0, 334924594, -820051801, 32, 511, 2823723, 0, 19.19, 282.83, 283.25, -0.00, 255.01, 0.00
3/29/2025 21:49:39, 3, 1, 0, 0, 334924636, -820051776, 32, 549, 2912523, 0, 19.32, 281.32, 283.62, -0.01, 254.50, 0.00
3/29/2025 21:49:40, 3, 1, 0, 0, 334924679, -820051748, 32, 557, 3011516, 0, 19.48, 279.79, 283.62, -0.02, 253.51, 0.00
3/29/2025 21:49:41, 3, 1, 0, 0, 334924721, -820051718, 32, 558, 3168380, 0, 19.69, 278.32, 281.81, -0.02, 250.13, 0.00
3/29/2025 21:49:42, 3, 1, 0, 0, 334924763, -820051688, 32, 548, 3077981, 0, 19.90, 276.87, 281.87, -0.03, 251.10, 0.00
3/29/2025 21:49:43, 3, 1, 0, 0, 334924806, -820051657, 32, 562, 3172798, 0, 20.14, 275.42, 32.26, -0.65, 0.54, -114.45
