Time, fixType, gnssFixOk, headVehValid, invalid_llh, Lat, Lon, SIV, groundSpeed, headingMotion, headingVehicle, distanceBetween, targetHeading, currentHeading, headingError, gpsError, averageGPSError
4/8/21442 0:0:15, 97, 0, 0, 0, 1065353216, 1265902592, 0, 1306845632, 480000000, 16, 4725918.05, 36.22, 356.62, 0.22, -4443.38, 0.00
3/29/2025 22:10:17, 0, 0, 0, 0, 0, 0, 0, 0, 0, 0, 9269517.30, 303.75, 356.62, -0.29, 356.62, 0.00
3/29/2025 22:10:18, 0, 0, 0, 0, 0, 0, 0, 0, 0, 0, 9269517.30, 303.75, 356.62, -0.29, 356.62, 0.00
3/29/2025 22:10:19, 0, 0, 0, 0, 0, 0, 0, 0, 0, 0, 9269517.30, 303.75, 356.62, -0.29, 356.62, 0.00
3/29/2025 22:10:20, 0, 0, 0, 0, 0, 0, 0, 0, 0, 0, 9269517.30, 303.75, 356.62, -0.29, 356.62, 0.00
3/29/2025 22:10:21, 0, 0, 0, 0, 0, 0, 0, 0, 0, 0, 9269517.30, 303.75, 356.62, -0.29, 356.62, 0.00
3/29/2025 22:10:22, 0, 0, 0, 0, 0, 0, 0, 0, 0, 0, 9269517.30, 303.75, 356.62, -0.29, 356.62, 0.00
3/29/2025 22:10:23, 0, 0, 0, 0, 0, 0, 0, 0, 0, 0, 9269517.30, 303.75, 356.62, -0.29, 356.62, 0.00
3/29/2025 22:10:24, 0, 0, 0, 0, 0, 0, 0, 0, 0, 0, 9269517.30, 303.75, 356.62, -0.29, 356.62, 0.00
3/29/2025 22:10:25, 0, 0, 0, 0, 0, 0, 0, 0, 0, 0, 9269517.30, 303.75, 356.62, -0.29, 356.62, 0.00
3/29/2025 22:10:26, 0, 0, 0, 0, 0, 0, 0, 0, 0, 0, 9269517.30, 303.75, 356.62, -0.29, 356.62, 0.00
3/29/2025 22:10:27, 0, 0, 0, 0, 0, 0, 0, 0, 0, 0, 9269517.30, 303.75, 356.62, -0.29, 356.62, 0.00
3/29/2025 22:10:28, 0, 0, 0, 0, 0, 0, 0, 0, 0, 0, 9269517.30, 303.75, 356.62, -0.29, 356.62, 0.00
3/29/2025 22:10:29, 0, 0, 0, 0, 0, 0, 0, 0, 0, 0, 9269517.30, 303.75, 356.62, -0.29, 356.62, 0.00
3/29/2025 22:10:30, 3, 1, 0, 0, 334924361, -820050750, 7, 19, 0, 0, 11.92, 282.95, 356.62, -0.41, 356.62, 0.00
3/29/2025 22:10:30, 3, 1, 0, 0, 334924361, -820050750, 7, 19, 0, 0, 11.92, 282.95, 286.50, -0.02, 286.50, 0.00
3/29/2025 22:10:36, 3, 1, 0, 0, 334924395, -820050800, 11, 333, 27772658, 0, 11.38, 281.61, 279.44, 0.01, 1.71, 0.00
3/29/2025 22:10:37, 3, 1, 0, 0, 334924394, -820050839, 11, 506, 26850652, 0, 11.03, 282.05, 279.12, 0.02, 10.62, 0.00
3/29/2025 22:10:38, 3, 1, 0, 0, 334924391, -820050883, 11, 531, 26808178, 0, 10.64, 282.68, 279.12, 0.02, 11.04, 0.00
3/29/2025 22:10:39, 3, 1, 0, 0, 334924397, -820050933, 14, 522, 27333456, 0, 10.17, 282.89, 279.12, 0.02, 5.79, 0.00
3/29/2025 22:10:40, 3, 1, 0, 0, 334924437, -820051050, 14, 543, 26825928, 0, 9.02, 281.67, 281.25, 0.00, 12.99, 0.00
3/29/2025 22:10:41, 3, 1, 0, 0, 334924469, -820051139, 14, 554, 27679360, 0, 8.14, 280.39, 284.45, -0.02, 7.66, -2.64
3/29/2025 22:10:42, 3, 1, 0, 0, 334924492, -820051215, 14, 552, 27419128, 0, 7.40, 279.43, 282.01, -0.01, 7.82, -2.64
3/29/2025 22:10:43, 3, 1, 0, 0, 334924509, -820051283, 14, 536, 27248602, 0, 6.75, 278.72, 282.01, -0.02, 9.53, -2.64
3/29/2025 22:10:44, 3, 1, 0, 0, 334924524, -820051351, 14, 570, 27374570, 0, 6.10, 278.07, 282.08, -0.02, 8.33, -2.64
3/29/2025 22:10:45, 3, 1, 0, 0, 334924535, -820051412, 15, 547, 27551528, 0, 5.52, 277.64, 279.70, -0.01, 4.18, -2.64
3/29/2025 22:10:46, 3, 1, 0, 0, 334924542, -820051471, 15, 558, 27090124, 0, 4.97, 277.59, 279.64, -0.01, 8.74, -2.64
3/29/2025 22:10:47, 3, 1, 0, 0, 334924547, -820051531, 15, 571, 27327708, 0, 4.41, 277.83, 279.64, -0.01, 6.36, -2.64
3/29/2025 22:10:48, 3, 1, 0, 0, 334924554, -820051594, 18, 556, 27222810, 0, 3.82, 277.86, 279.64, -0.01, 7.41, -2.64
3/29/2025 22:10:49, 3, 1, 0, 0, 334924562, -820051657, 18, 596, 27621438, 0, 3.23, 277.72, 279.64, -0.01, 3.42, -2.64
3/29/2025 22:10:50, 3, 1, 0, 0, 334924571, -820051721, 18, 579, 27687282, 0, 2.63, 277.30, 279.64, -0.01, 2.76, -2.64
3/29/2025 22:10:51, 3, 1, 0, 0, 334924581, -820051785, 18, 598, 27910126, 0, 2.03, 276.31, 273.02, 0.02, -6.09, 3.98
3/29/2025 22:10:52, 3, 1, 0, 0, 334924591, -820051849, 18, 591, 27886450, 0, 1.42, 274.48, 273.02, 0.01, -5.85, 3.98
3/29/2025 22:10:53, 3, 1, 0, 0, 334924600, -820051911, 18, 578, 27989498, 0, 13.43, 288.89, 278.98, 0.06, -0.91, -1.98
3/29/2025 22:10:54, 3, 1, 0, 0, 334924608, -820051959, 18, 399, 28084112, 0, 12.98, 289.16, 285.86, 0.02, 5.02, -1.98
3/29/2025 22:10:55, 3, 1, 0, 0, 334924614, -820051995, 18, 301, 28083546, 0, 12.64, 289.37, 292.17, -0.02, 11.33, -1.98
3/29/2025 22:10:56, 3, 1, 0, 0, 334924630, -820052038, 18, 495, 29616944, 0, 12.21, 289.20, 293.05, -0.02, -3.12, -1.98
3/29/2025 22:10:57, 3, 1, 0, 0, 334924653, -820052089, 18, 554, 29894314, 0, 11.68, 288.78, 291.17, -0.01, -7.77, -1.98
3/29/2025 22:10:58, 3, 1, 0, 0, 334924677, -820052142, 18, 552, 29735736, 0, 11.13, 288.29, 291.11, -0.02, -6.25, -1.98
3/29/2025 22:10:59, 3, 1, 0, 0, 334924702, -820052197, 18, 574, 29752212, 0, 10.56, 287.73, 291.11, -0.02, -6.41, -1.98
3/29/2025 22:11:0, 3, 1, 0, 0, 334924728, -820052253, 18, 583, 29889708, 0, 9.97, 287.05, 291.11, -0.02, -7.79, -1.98
3/29/2025 22:11:1, 3, 1, 0, 0, 334924754, -820052308, 18, 577, 29898276, 0, 9.40, 286.28, 288.48, -0.01, -10.50, -1.98
3/29/2025 22:11:2, 3, 1, 0, 0, 334924779, -820052364, 18, 569, 29717086, 0, 8.83, 285.49, 288.48, -0.02, -8.69, -1.98
3/29/2025 22:11:3, 3, 1, 0, 0, 334924804, -820052420, 19, 578, 29729248, 0, 8.25, 284.60, 292.01, -0.04, -5.28, -5.51
3/29/2025 22:11:4, 3, 1, 0, 0, 334924830, -820052477, 19, 576, 29826082, 0, 7.67, 283.50, 285.57, -0.01, -12.69, -5.51
3/29/2025 22:11:5, 3, 1, 0, 0, 334924851, -820052529, 19, 498, 29348066, 0, 7.15, 282.58, 284.20, -0.01, -9.28, -5.51
3/29/2025 22:11:6, 3, 1, 0, 0, 334924870, -820052584, 20, 571, 29167960, 0, 6.60, 281.76, 284.01, -0.01, -7.67, -5.51
3/29/2025 22:11:7, 3, 1, 0, 0, 334924892, -820052641, 20, 587, 29203542, 0, 6.04, 280.51, 284.01, -0.02, -8.03, -5.51
3/29/2025 22:11:8, 3, 1, 0, 0, 334924913, -820052699, 20, 579, 29244286, 0, 5.47, 279.13, 284.01, -0.03, -8.43, -5.51
3/29/2025 22:11:9, 3, 1, 0, 0, 334924929, -820052752, 23, 549, 29122624, 0, 4.96, 278.00, 280.07, -0.01, -11.15, -5.51
3/29/2025 22:11:10, 3, 1, 0, 0, 334924942, -820052803, 25, 540, 28993098, 0, 4.47, 277.01, 279.20, -0.01, -10.73, -5.51
3/29/2025 22:11:11, 3, 1, 0, 0, 334924956, -820052857, 25, 565, 28970116, 0, 3.95, 275.65, 279.07, -0.02, -10.63, -5.51
3/29/2025 22:11:12, 3, 1, 0, 0, 334924970, -820052911, 25, 581, 29122030, 0, 3.44, 273.89, 279.07, -0.03, -12.15, -5.51
3/29/2025 22:11:13, 3, 1, 0, 0, 334924985, -820052966, 25, 586, 29182518, 0, 2.92, 271.31, 284.05, -0.07, -7.77, -15.11
3/29/2025 22:11:14, 3, 1, 0, 0, 334924999, -820053020, 25, 546, 28913376, 0, 2.42, 267.90, 274.86, -0.04, -14.27, -15.11
3/29/2025 22:11:15, 3, 1, 0, 0, 334925007, -820053066, 26, 435, 28443640, 0, 2.00, 264.90, 267.68, -0.02, -16.76, -15.11
3/29/2025 22:11:17, 3, 1, 0, 0, 334925008, -820053173, 26, 563, 27403082, 0, 1.02, 259.31, 266.36, -0.04, -7.67, -15.11
3/29/2025 22:11:18, 3, 1, 0, 0, 334925007, -820053224, 27, 448, 27000506, 0, 13.40, 287.53, 271.54, 0.09, 1.54, -26.73
3/29/2025 22:11:19, 3, 1, 0, 0, 334925001, -820053261, 28, 319, 26053008, 0, 13.10, 288.26, 284.17, 0.02, 23.64, -26.73
3/29/2025 22:11:20, 3, 1, 0, 0, 334925001, -820053293, 28, 314, 28159240, 0, 12.82, 288.68, 291.67, -0.02, 10.08, -26.73
3/29/2025 22:11:21, 3, 1, 0, 0, 334925013, -820053338, 28, 501, 29195020, 0, 12.38, 288.71, 292.36, -0.02, 0.41, -26.73
3/29/2025 22:11:22, 3, 1, 0, 0, 334925030, -820053388, 28, 517, 29465630, 0, 11.88, 288.56, 290.42, -0.01, -4.24, -26.73
3/29/2025 22:11:23, 3, 1, 0, 0, 334925049, -820053442, 28, 565, 29243928, 0, 11.34, 288.36, 289.92, -0.01, -2.52, -26.73
3/29/2025 22:11:24, 3, 1, 0, 0, 334925068, -820053499, 28, 575, 29346034, 0, 10.77, 288.18, 289.92, -0.01, -3.54, -26.73
3/29/2025 22:11:25, 3, 1, 0, 0, 334925088, -820053556, 28, 581, 29377930, 0, 10.20, 287.91, 289.92, -0.01, -3.86, -26.73
3/29/2025 22:11:26, 3, 1, 0, 0, 334925109, -820053613, 28, 583, 29527578, 0, 9.62, 287.56, 289.92, -0.01, -5.36, -26.73
3/29/2025 22:11:27, 3, 1, 0, 0, 334925132, -820053670, 28, 585, 29615424, 0, 9.04, 287.03, 289.92, -0.02, -6.24, -26.73
3/29/2025 22:11:28, 3, 1, 0, 0, 334925156, -820053727, 28, 596, 29761788, 0, 8.46, 286.34, 289.92, -0.02, -7.70, -26.73
3/29/2025 22:11:29, 3, 1, 0, 0, 334925181, -820053785, 28, 601, 29840408, 0, 7.86, 285.50, 289.78, -0.02, -8.63, -26.59
3/29/2025 22:11:30, 3, 1, 0, 0, 334925207, -820053839, 28, 572, 30149550, 0, 7.31, 284.37, 286.84, -0.01, -14.66, -26.59
3/29/2025 22:11:31, 3, 1, 0, 0, 334925231, -820053895, 29, 578, 29556206, 0, 6.74, 283.27, 286.34, -0.02, -9.22, -26.59
3/29/2025 22:11:32, 3, 1, 0, 0, 334925255, -820053951, 29, 585, 29870076, 0, 6.17, 281.96, 286.28, -0.02, -12.42, -26.59
3/29/2025 22:11:33, 3, 1, 0, 0, 334925280, -820054005, 29, 563, 30027888, 0, 5.63, 280.25, 283.21, -0.02, -17.06, -26.59
3/29/2025 22:11:34, 3, 1, 0, 0, 334925303, -820054061, 29, 573, 29503152, 0, 5.07, 278.45, 282.84, -0.02, -12.19, -26.59
3/29/2025 22:11:35, 3, 1, 0, 0, 334925326, -820054115, 29, 561, 29872636, 0, 4.54, 276.18, 279.40, -0.02, -19.32, -26.59
3/29/2025 22:11:36, 3, 1, 0, 0, 334925348, -820054171, 29, 576, 29456212, 0, 4.01, 273.50, 278.65, -0.03, -15.91, -26.59
3/29/2025 22:11:37, 3, 1, 0, 0, 334925371, -820054227, 30, 569, 29809042, 0, 3.48, 269.82, 274.21, -0.02, -23.88, -26.59
3/29/2025 22:11:38, 3, 1, 0, 0, 334925391, -820054280, 30, 534, 29306066, 0, 3.00, 265.53, 270.71, -0.03, -22.35, -26.59
3/29/2025 22:11:39, 3, 1, 0, 0, 334925407, -820054335, 30, 543, 28894444, 0, 2.51, 260.57, 281.53, -0.12, -7.42, -42.15
3/29/2025 22:11:40, 3, 1, 0, 0, 334925421, -820054391, 30, 533, 28665082, 0, 2.04, 253.84, 264.15, -0.06, -22.50, -42.15
3/29/2025 22:11:42, 3, 1, 0, 0, 334925433, -820054484, 30, 415, 27183528, 0, 1.30, 237.37, 253.40, -0.09, -18.43, -42.15
3/29/2025 22:11:43, 3, 1, 0, 0, 334925429, -820054530, 30, 427, 26118068, 0, 12.30, 25.71, 256.96, 0.72, -4.22, -58.28
3/29/2025 22:11:43, 3, 1, 0, 0, 334925429, -820054530, 30, 427, 26118068, 0, 12.30, 25.71, 22.53, 0.02, -238.66, -58.28
3/29/2025 22:11:51, 3, 1, 0, 0, 334925433, -820054667, 31, 119, 31594, 0, 12.86, 30.90, 33.53, -0.01, 33.21, -58.28
3/29/2025 22:11:52, 3, 1, 0, 0, 334925455, -820054654, 31, 353, 3256237, 0, 12.59, 31.00, 37.46, -0.04, 4.90, -58.28
3/29/2025 22:11:53, 3, 1, 0, 0, 334925485, -820054626, 31, 451, 4140794, 0, 12.17, 30.77, 31.96, -0.01, -9.45, -58.28
3/29/2025 22:11:54, 3, 1, 0, 0, 334925517, -820054596, 31, 456, 3756022, 0, 11.72, 30.49, 9.64, 0.12, -27.92, -37.52
3/29/2025 22:11:55, 3, 1, 0, 0, 334925554, -820054564, 31, 530, 3759932, 0, 11.21, 30.25, 27.08, 0.02, -10.52, -37.52
3/29/2025 22:11:57, 3, 1, 0, 0, 334925599, -820054506, 31, 383, 6236339, 0, 10.51, 29.09, 33.33, -0.02, -29.03, -37.52
3/29/2025 22:11:58, 3, 1, 0, 0, 334925615, -820054464, 31, 463, 6731491, 0, 10.17, 27.66, 29.70, -0.01, -37.61, -37.52
3/29/2025 22:11:59, 3, 1, 0, 0, 334925635, -820054414, 31, 545, 6542207, 0, 9.76, 25.85, 28.20, -0.01, -37.22, -37.52
3/29/2025 22:12:0, 3, 1, 0, 0, 334925656, -820054361, 31, 555, 6505367, 0, 9.35, 23.76, 26.95, -0.02, -38.10, -37.52
3/29/2025 22:12:1, 3, 1, 0, 0, 334925677, -820054307, 31, 559, 6491442, 0, 8.94, 21.43, 26.64, -0.03, -38.27, -37.52
3/29/2025 22:12:2, 3, 1, 0, 0, 334925696, -820054258, 31, 490, 6756940, 0, 8.58, 19.12, 21.95, -0.02, -45.62, -37.52
3/29/2025 22:12:3, 3, 1, 0, 0, 334925718, -820054208, 31, 544, 6103964, 0, 8.21, 16.62, 20.70, -0.02, -40.34, -37.52
3/29/2025 22:12:4, 3, 1, 0, 0, 334925741, -820054160, 31, 512, 6065676, 0, 7.84, 14.03, 17.77, -0.02, -42.89, -37.52
3/29/2025 22:12:5, 3, 1, 0, 0, 334925764, -820054114, 31, 499, 5811288, 0, 7.50, 11.34, 49.64, -0.21, -8.47, -72.33
3/29/2025 22:12:5, 3, 1, 0, 0, 334925764, -820054114, 31, 499, 5811288, 0, 7.50, 11.34, 14.64, -0.02, -43.47, -72.33
3/29/2025 22:12:9, 3, 1, 0, 0, 334925866, -820053996, 31, 447, 2131553, 0, 6.23, 3.50, 7.27, -0.02, -14.05, -72.33
3/29/2025 22:12:10, 3, 1, 0, 0, 334925907, -820053982, 32, 484, 1530593, 0, 5.77, 2.49, 4.14, -0.01, -11.16, -72.33
3/29/2025 22:12:11, 3, 1, 0, 0, 334925953, -820053968, 32, 543, 1528084, 0, 5.25, 1.32, 3.21, -0.01, -12.07, -72.33
3/29/2025 22:12:12, 3, 1, 0, 0, 334926001, -820053952, 32, 550, 1652918, 0, 4.72, 359.66, 3.02, -0.02, -13.51, -72.33
3/29/2025 22:12:13, 3, 1, 0, 0, 334926049, -820053935, 32, 562, 1759144, 0, 4.19, 357.46, 3.02, -0.03, -14.57, -72.33
3/29/2025 22:12:14, 3, 1, 0, 0, 334926093, -820053920, 32, 483, 1599627, 0, 3.71, 354.98, 358.14, -0.02, 342.15, -72.33
3/29/2025 22:12:15, 3, 1, 0, 0, 334926139, -820053907, 32, 543, 1346697, 0, 3.21, 352.03, 357.02, -0.03, 343.55, -72.33
3/29/2025 22:12:16, 3, 1, 0, 0, 334926184, -820053896, 32, 489, 1118234, 0, 2.74, 348.46, 9.26, -0.12, -1.92, -89.07
3/29/2025 22:12:17, 3, 1, 0, 0, 334926224, -820053888, 32, 430, 997114, 0, 2.32, 344.46, 351.89, -0.04, 341.92, -89.07
3/29/2025 22:12:18, 3, 1, 0, 0, 334926260, -820053888, 32, 383, 35748092, 0, 1.94, 341.29, 343.76, -0.01, -13.72, -89.07
3/29/2025 22:12:19, 3, 1, 0, 0, 334926301, -820053899, 32, 495, 34481848, 0, 20.87, 354.69, 353.20, 0.01, 8.38, -100.32
3/29/2025 22:12:20, 3, 1, 0, 0, 334926335, -820053912, 32, 352, 34245880, 0, 20.48, 354.93, 352.32, 0.01, 9.86, -100.32
3/29/2025 22:12:21, 3, 1, 0, 0, 334926371, -820053925, 32, 444, 34391244, 0, 20.07, 355.17, 352.20, 0.02, 8.29, -100.32
3/29/2025 22:12:22, 3, 1, 0, 0, 334926414, -820053941, 32, 518, 34401684, 0, 19.58, 355.49, 352.20, 0.02, 8.18, -100.32
3/29/2025 22:12:23, 3, 1, 0, 0, 334926461, -820053956, 32, 543, 34677560, 0, 19.05, 355.78, 352.20, 0.02, 5.42, -100.32
3/29/2025 22:12:24, 3, 1, 0, 0, 334926510, -820053971, 32, 563, 34664600, 0, 18.50, 356.09, 352.20, 0.02, 5.55, -100.32
3/29/2025 22:12:25, 3, 1, 0, 0, 334926561, -820053985, 32, 569, 34744984, 0, 17.92, 356.38, 354.51, 0.01, 7.06, -100.32
3/29/2025 22:12:26, 3, 1, 0, 0, 334926610, -820053997, 32, 548, 35044924, 0, 17.37, 356.63, 354.70, 0.01, 4.25, -100.32
3/29/2025 22:12:27, 3, 1, 0, 0, 334926660, -820054006, 32, 560, 35233172, 0, 16.81, 356.81, 354.70, 0.01, 2.37, -100.32
3/29/2025 22:12:28, 3, 1, 0, 0, 334926710, -820054015, 32, 566, 35280024, 0, 16.25, 356.99, 354.70, 0.01, 1.90, -100.32
3/29/2025 22:12:29, 3, 1, 0, 0, 334926761, -820054023, 32, 566, 35414340, 0, 15.68, 357.15, 348.57, 0.05, -5.57, -94.20
3/29/2025 22:12:30, 3, 1, 0, 0, 334926812, -820054030, 32, 572, 35431908, 0, 15.11, 357.29, 356.63, 0.00, 2.32, -94.20
3/29/2025 22:12:31, 3, 1, 0, 0, 334926854, -820054034, 32, 418, 35806204, 0, 14.64, 357.35, 359.20, -0.01, 1.13, -94.20
3/29/2025 22:12:32, 3, 1, 0, 0, 334926899, -820054030, 32, 525, 697878, 0, 14.14, 357.11, 359.32, -0.01, 352.34, -94.20
3/29/2025 22:12:33, 3, 1, 0, 0, 334926948, -820054023, 32, 551, 877046, 0, 13.60, 356.72, 359.32, -0.01, 350.55, -94.20
3/29/2025 22:12:34, 3, 1, 0, 0, 334926998, -820054014, 32, 567, 942236, 0, 13.05, 356.21, 359.32, -0.02, 349.90, -94.20
3/29/2025 22:12:35, 3, 1, 0, 0, 334927049, -820054005, 32, 572, 959549, 0, 12.49, 355.66, 359.32, -0.02, 349.73, -94.20
3/29/2025 22:12:36, 3, 1, 0, 0, 334927099, -820053994, 32, 568, 1098934, 0, 11.95, 354.97, 357.13, -0.01, 346.15, -94.20
3/29/2025 22:12:37, 3, 1, 0, 0, 334927148, -820053984, 32, 540, 978327, 0, 11.41, 354.26, 356.70, -0.01, 346.91, -94.20
3/29/2025 22:12:38, 3, 1, 0, 0, 334927198, -820053975, 32, 561, 942856, 0, 10.87, 353.53, 356.63, -0.02, 347.21, -94.20
3/29/2025 22:12:40, 3, 1, 0, 0, 334927298, -820053955, 32, 568, 961443, 0, 9.79, 351.72, 4.57, -0.07, -5.04, -102.14
3/29/2025 22:12:41, 3, 1, 0, 0, 334927341, -820053947, 32, 441, 1048387, 0, 9.33, 350.85, 355.07, -0.02, 344.59, -102.14
3/29/2025 22:12:42, 3, 1, 0, 0, 334927382, -820053947, 32, 461, 35594080, 0, 8.88, 350.38, 348.32, 0.01, -7.62, -102.14
3/29/2025 22:12:43, 3, 1, 0, 0, 334927427, -820053953, 32, 530, 35308184, 0, 8.38, 350.18, 347.39, 0.02, -5.69, -102.14
3/29/2025 22:12:44, 3, 1, 0, 0, 334927476, -820053960, 32, 552, 35406892, 0, 7.83, 349.97, 347.20, 0.02, -6.87, -102.14
3/29/2025 22:12:45, 3, 1, 0, 0, 334927527, -820053966, 32, 570, 35484844, 0, 7.26, 349.62, 347.20, 0.01, -7.65, -102.14
3/29/2025 22:12:46, 3, 1, 0, 0, 334927578, -820053972, 32, 568, 35514204, 0, 6.69, 349.21, 347.20, 0.01, -7.94, -102.14
3/29/2025 22:12:47, 3, 1, 0, 0, 334927630, -820053977, 32, 568, 35641992, 0, 6.12, 348.63, 347.20, 0.01, -9.22, -102.14
3/29/2025 22:12:48, 3, 1, 0, 0, 334927681, -820053981, 32, 573, 35680716, 0, 5.55, 347.85, 347.20, 0.00, -9.61, -102.14
3/29/2025 22:12:49, 3, 1, 0, 0, 334927733, -820053983, 32, 570, 35880744, 0, 4.98, 346.66, 347.20, -0.00, -11.61, -102.14
3/29/2025 22:12:50, 3, 1, 0, 0, 334927784, -820053985, 32, 573, 35904500, 0, 4.43, 345.20, 355.86, -0.06, -3.18, -110.80
3/29/2025 22:12:51, 3, 1, 0, 0, 334927829, -820053985, 32, 468, 92831, 0, 3.95, 343.34, 347.86, -0.03, 346.94, -110.80
3/29/2025 22:12:52, 3, 1, 0, 0, 334927870, -820053993, 32, 454, 34761728, 0, 3.49, 342.36, 342.24, 0.00, -5.38, -110.80
3/29/2025 22:12:53, 3, 1, 0, 0, 334927915, -820054007, 32, 530, 34531728, 0, 2.97, 341.82, 341.30, 0.00, -4.02, -110.80
3/29/2025 22:12:54, 3, 1, 0, 0, 334927963, -820054022, 32, 554, 34621996, 0, 2.42, 341.01, 341.24, -0.00, -4.98, -110.80
3/29/2025 22:12:55, 3, 1, 0, 0, 334928012, -820054036, 32, 566, 34645132, 0, 1.87, 339.34, 341.24, -0.01, -5.21, -110.80
3/29/2025 22:12:56, 3, 1, 0, 0, 334928056, -820054049, 32, 463, 34684468, 0, 18.22, 229.30, 347.27, -0.66, 0.43, -116.77
3/29/2025 22:12:56, 3, 1, 0, 0, 334928056, -820054049, 32, 463, 34684468, 0, 18.22, 229.30, 232.58, -0.02, -114.26, -116.77
3/29/2025 22:13:5, 3, 1, 0, 0, 334928170, -820054271, 32, 411, 23512110, 0, 17.63, 221.79, 224.58, -0.02, -10.54, -116.77
3/29/2025 22:13:6, 3, 1, 0, 0, 334928142, -820054312, 32, 527, 22788440, 0, 17.15, 221.54, 258.37, -0.20, 30.49, -151.43
3/29/2025 22:13:6, 3, 1, 0, 0, 334928142, -820054312, 32, 527, 22788440, 0, 17.15, 221.54, 225.00, -0.02, -2.89, -151.43
3/29/2025 22:13:10, 3, 1, 0, 0, 334928026, -820054427, 32, 466, 19458488, 0, 15.48, 221.75, 218.87, 0.02, 24.29, -151.43
3/29/2025 22:13:11, 3, 1, 0, 0, 334927982, -820054453, 32, 535, 19039008, 0, 14.95, 222.31, 218.68, 0.02, 28.29, -151.43
3/29/2025 22:13:12, 3, 1, 0, 0, 334927947, -820054457, 32, 523, 19328904, 0, 14.64, 223.23, 220.62, 0.01, 27.33, -151.43
3/29/2025 22:13:13, 3, 1, 0, 0, 334927905, -820054469, 32, 558, 19444882, 0, 14.23, 224.19, 221.00, 0.02, 26.55, -151.43
3/29/2025 22:13:14, 3, 1, 0, 0, 334927859, -820054485, 32, 569, 19628018, 0, 13.76, 225.23, 221.00, 0.02, 24.72, -151.43
3/29/2025 22:13:15, 3, 1, 0, 0, 334927817, -820054509, 32, 509, 19766076, 0, 13.27, 225.99, 224.56, 0.01, 26.90, -151.43
3/29/2025 22:13:16, 3, 1, 0, 0, 334927775, -820054532, 32, 571, 20198458, 0, 12.79, 226.83, 225.37, 0.01, 23.39, -151.43
3/29/2025 22:13:17, 3, 1, 0, 0, 334927728, -820054557, 32, 584, 20299286, 0, 12.27, 227.87, 202.23, 0.14, -0.76, -128.11
3/29/2025 22:13:18, 3, 1, 0, 0, 334927686, -820054578, 32, 466, 20071914, 0, 11.81, 228.92, 224.48, 0.02, 23.76, -128.11
3/29/2025 22:13:20, 3, 1, 0, 0, 334927629, -820054626, 32, 444, 23184970, 0, 11.06, 229.88, 232.61, -0.02, 0.76, -128.11
3/29/2025 22:13:21, 3, 1, 0, 0, 334927600, -820054672, 32, 553, 23697694, 0, 10.53, 229.72, 233.67, -0.02, -3.31, -128.11
3/29/2025 22:13:22, 3, 1, 0, 0, 334927568, -820054722, 32, 554, 23697956, 0, 9.95, 229.56, 231.23, -0.01, -5.75, -128.11
3/29/2025 22:13:23, 3, 1, 0, 0, 334927536, -820054773, 32, 572, 23596648, 0, 9.35, 229.34, 230.98, -0.01, -4.98, -128.11
3/29/2025 22:13:24, 3, 1, 0, 0, 334927505, -820054823, 32, 579, 23587422, 0, 8.78, 229.07, 230.98, -0.01, -4.89, -128.11
3/29/2025 22:13:25, 3, 1, 0, 0, 334927476, -820054877, 32, 586, 23758756, 0, 8.19, 228.48, 231.05, -0.01, -6.54, -128.11
3/29/2025 22:13:26, 3, 1, 0, 0, 334927449, -820054933, 32, 586, 23890414, 0, 7.60, 227.58, 231.05, -0.02, -7.86, -128.11
3/29/2025 22:13:27, 3, 1, 0, 0, 334927423, -820054990, 32, 592, 24000452, 0, 7.02, 226.41, 231.05, -0.03, -8.96, -128.11
3/29/2025 22:13:28, 3, 1, 0, 0, 334927399, -820055043, 32, 538, 23960344, 0, 6.48, 225.13, 229.29, -0.02, -10.31, -130.04
3/29/2025 22:13:29, 3, 1, 0, 0, 334927374, -820055092, 32, 547, 23780016, 0, 5.96, 223.94, 226.23, -0.01, -11.57, -130.04
3/29/2025 22:13:30, 3, 1, 0, 0, 334927347, -820055144, 32, 562, 23799008, 0, 5.41, 222.47, 225.73, -0.02, -12.26, -130.04
3/29/2025 22:13:31, 3, 1, 0, 0, 334927320, -820055197, 32, 573, 23846242, 0, 4.86, 220.58, 225.67, -0.03, -12.80, -130.04
3/29/2025 22:13:32, 3, 1, 0, 0, 334927295, -820055246, 32, 506, 23865100, 0, 4.36, 218.42, 221.60, -0.02, -17.05, -130.04
3/29/2025 22:13:33, 3, 1, 0, 0, 334927267, -820055296, 32, 562, 23658320, 0, 3.83, 215.88, 221.42, -0.03, -15.17, -130.04
3/29/2025 22:13:34, 3, 1, 0, 0, 334927241, -820055342, 32, 484, 23623190, 0, 3.35, 212.87, 216.54, -0.02, -19.69, -130.04
3/29/2025 22:13:35, 3, 1, 0, 0, 334927213, -820055385, 32, 512, 23205842, 0, 2.88, 209.56, 213.98, -0.02, -18.08, -130.04
3/29/2025 22:13:36, 3, 1, 0, 0, 334927183, -820055426, 32, 508, 22975622, 0, 2.40, 205.59, 210.54, -0.03, -19.21, -130.04
3/29/2025 22:13:37, 3, 1, 0, 0, 334927158, -820055463, 32, 417, 22995554, 0, 2.01, 200.20, 206.60, -0.04, -23.35, -130.04
3/29/2025 22:13:38, 3, 1, 0, 0, 334927132, -820055497, 32, 434, 22540000, 0, 1.65, 193.36, 216.36, -0.13, -9.04, -145.99
3/29/2025 22:13:38, 3, 1, 0, 0, 334927132, -820055497, 32, 434, 22540000, 0, 15.36, 205.57, 205.90, -0.00, -19.50, -155.03
3/29/2025 22:13:40, 3, 1, 0, 0, 334927078, -820055554, 32, 365, 21217062, 0, 14.60, 204.72, 200.15, 0.03, -12.02, -155.03
3/29/2025 22:13:41, 3, 1, 0, 0, 334927043, -820055574, 32, 460, 19991104, 0, 14.16, 204.70, 203.84, 0.00, 3.93, -155.03
3/29/2025 22:13:42, 3, 1, 0, 0, 334927004, -820055595, 32, 467, 20295384, 0, 13.69, 204.71, 204.21, 0.00, 1.26, -155.03
3/29/2025 22:13:43, 3, 1, 0, 0, 334926964, -820055621, 32, 527, 20561930, 0, 13.18, 204.57, 203.96, 0.00, -1.66, -155.03
3/29/2025 22:13:44, 3, 1, 0, 0, 334926922, -820055650, 32, 527, 20692468, 0, 12.65, 204.34, 203.40, 0.01, -3.52, -155.03
3/29/2025 22:13:45, 3, 1, 0, 0, 334926881, -820055679, 32, 520, 20817200, 0, 12.12, 204.07, 203.34, 0.00, -4.83, -155.03
3/29/2025 22:13:46, 3, 1, 0, 0, 334926839, -820055711, 32, 528, 20896636, 0, 11.57, 203.67, 203.34, 0.00, -5.63, -155.03
3/29/2025 22:13:47, 3, 1, 0, 0, 334926799, -820055742, 32, 522, 21011376, 0, 11.05, 203.23, 203.34, -0.00, -6.78, -155.03
3/29/2025 22:13:48, 3, 1, 0, 0, 334926759, -820055773, 32, 518, 21103518, 0, 10.53, 202.75, 203.34, -0.00, -7.70, -155.03
3/29/2025 22:13:49, 3, 1, 0, 0, 334926721, -820055804, 32, 520, 21077410, 0, 10.03, 202.17, 203.34, -0.01, -7.44, -155.03
3/29/2025 22:13:51, 3, 1, 0, 0, 334926641, -820055871, 32, 549, 21282466, 0, 8.97, 200.64, 209.14, -0.05, -3.69, -160.83
3/29/2025 22:13:52, 3, 1, 0, 0, 334926607, -820055900, 32, 437, 21199022, 0, 8.53, 199.84, 201.39, -0.01, -10.60, -160.83
3/29/2025 22:13:53, 3, 1, 0, 0, 334926569, -820055925, 32, 505, 20267440, 0, 8.05, 199.31, 198.70, 0.00, -3.97, -160.83
3/29/2025 22:13:54, 3, 1, 0, 0, 334926527, -820055949, 32, 508, 20353042, 0, 7.54, 198.89, 197.95, 0.01, -5.58, -160.83
3/29/2025 22:13:55, 3, 1, 0, 0, 334926485, -820055973, 32, 517, 20485322, 0, 7.02, 198.40, 198.08, 0.00, -6.78, -160.83
3/29/2025 22:13:56, 3, 1, 0, 0, 334926442, -820055999, 32, 526, 20637810, 0, 6.49, 197.72, 198.58, -0.00, -7.80, -160.83
3/29/2025 22:13:57, 3, 1, 0, 0, 334926399, -820056026, 32, 536, 20739662, 0, 5.96, 196.82, 199.51, -0.01, -7.88, -160.83
3/29/2025 22:13:58, 3, 1, 0, 0, 334926356, -820056055, 32, 547, 20893856, 0, 5.43, 195.57, 199.83, -0.02, -9.11, -160.83
3/29/2025 22:13:59, 3, 1, 0, 0, 334926314, -820056083, 32, 504, 20782318, 0, 4.91, 194.11, 197.08, -0.02, -10.75, -160.83
3/29/2025 22:14:0, 3, 1, 0, 0, 334926273, -820056111, 32, 536, 20968266, 0, 4.41, 192.28, 197.08, -0.03, -12.61, -160.83
3/29/2025 22:14:1, 3, 1, 0, 0, 334926233, -820056137, 32, 479, 20679676, 0, 3.92, 190.22, 200.89, -0.06, -5.91, -168.70
3/29/2025 22:14:2, 3, 1, 0, 0, 334926199, -820056159, 32, 411, 20683372, 0, 3.52, 188.04, 192.02, -0.02, -14.82, -168.70
3/29/2025 22:14:3, 3, 1, 0, 0, 334926160, -820056173, 32, 486, 19347082, 0, 3.07, 186.77, 187.83, -0.01, -5.64, -168.70
3/29/2025 22:14:4, 3, 1, 0, 0, 334926112, -820056181, 32, 526, 19402134, 0, 2.53, 186.53, 186.95, -0.00, -7.07, -168.70
3/29/2025 22:14:5, 3, 1, 0, 0, 334926063, -820056192, 32, 542, 19484514, 0, 1.98, 185.38, 186.64, -0.01, -8.20, -168.70
3/29/2025 22:14:6, 3, 1, 0, 0, 334926022, -820056204, 32, 408, 19654280, 0, 16.67, 211.13, 194.97, 0.09, -1.58, -177.03
3/29/2025 22:14:7, 3, 1, 0, 0, 334925991, -820056209, 32, 276, 19311306, 0, 16.35, 211.61, 207.65, 0.02, 14.54, -177.03
3/29/2025 22:14:8, 3, 1, 0, 0, 334925966, -820056219, 32, 274, 21254382, 0, 16.07, 211.85, 216.34, -0.02, 3.80, -177.03
3/29/2025 22:14:9, 3, 1, 0, 0, 334925938, -820056242, 32, 413, 22353062, 0, 15.69, 211.79, 213.59, -0.01, -9.94, -177.03
3/29/2025 22:14:10, 3, 1, 0, 0, 334925903, -820056272, 32, 489, 21748170, 0, 15.21, 211.67, 213.53, -0.01, -3.95, -177.03
3/29/2025 22:14:11, 3, 1, 0, 0, 334925864, -820056303, 32, 529, 21871820, 0, 14.69, 211.60, 214.09, -0.01, -4.63, -177.03
3/29/2025 22:14:12, 3, 1, 0, 0, 334925824, -820056338, 32, 554, 22060560, 0, 14.14, 211.43, 215.03, -0.02, -5.58, -177.03
3/29/2025 22:14:13, 3, 1, 0, 0, 334925786, -820056374, 32, 533, 22292230, 0, 13.61, 211.16, 213.78, -0.01, -9.14, -177.03
3/29/2025 22:14:14, 3, 1, 0, 0, 334925748, -820056410, 32, 544, 22016948, 0, 13.07, 210.86, 214.15, -0.02, -6.02, -177.03
3/29/2025 22:14:15, 3, 1, 0, 0, 334925710, -820056448, 32, 557, 22217724, 0, 12.53, 210.47, 214.78, -0.02, -7.40, -177.03
3/29/2025 22:14:16, 3, 1, 0, 0, 334925674, -820056488, 32, 544, 22564780, 0, 12.00, 209.91, 215.04, -0.03, -10.60, -180.04
3/29/2025 22:14:17, 3, 1, 0, 0, 334925638, -820056526, 32, 532, 22198982, 0, 11.48, 209.38, 210.79, -0.01, -11.20, -180.04
3/29/2025 22:14:18, 3, 1, 0, 0, 334925600, -820056561, 32, 527, 21650228, 0, 10.95, 208.99, 210.54, -0.01, -5.96, -180.04
3/29/2025 22:14:19, 3, 1, 0, 0, 334925561, -820056596, 32, 543, 21886352, 0, 10.41, 208.58, 210.61, -0.01, -8.26, -180.04
3/29/2025 22:14:20, 3, 1, 0, 0, 334925521, -820056633, 32, 553, 22041840, 0, 9.86, 208.07, 210.73, -0.01, -9.69, -180.04
3/29/2025 22:14:21, 3, 1, 0, 0, 334925482, -820056672, 32, 561, 22149392, 0, 9.30, 207.36, 210.92, -0.02, -10.58, -180.04
3/29/2025 22:14:22, 3, 1, 0, 0, 334925443, -820056713, 32, 567, 22309024, 0, 8.75, 206.45, 211.11, -0.03, -11.98, -180.04
3/29/2025 22:14:23, 3, 1, 0, 0, 334925406, -820056755, 32, 555, 22566932, 0, 8.21, 205.30, 207.67, -0.01, -18.00, -180.04
3/29/2025 22:14:24, 3, 1, 0, 0, 334925369, -820056793, 32, 545, 22140828, 0, 7.68, 204.23, 207.67, -0.02, -13.74, -180.04
3/29/2025 22:14:25, 3, 1, 0, 0, 334925331, -820056833, 32, 560, 22295776, 0, 7.15, 202.91, 207.67, -0.03, -15.29, -180.04
3/29/2025 22:14:26, 3, 1, 0, 0, 334925295, -820056875, 32, 557, 22568980, 0, 6.63, 201.16, 215.20, -0.08, -10.49, -191.57
3/29/2025 22:14:27, 3, 1, 0, 0, 334925260, -820056914, 32, 535, 22143314, 0, 6.14, 199.32, 204.51, -0.03, -16.92, -191.57
3/29/2025 22:14:28, 3, 1, 0, 0, 334925229, -820056944, 32, 408, 21798768, 0, 5.73, 197.83, 198.70, -0.00, -19.29, -191.57
3/29/2025 22:14:29, 3, 1, 0, 0, 334925191, -820056969, 32, 522, 20644558, 0, 5.25, 196.84, 197.57, -0.00, -8.87, -191.57
3/29/2025 22:14:30, 3, 1, 0, 0, 334925147, -820056995, 32, 540, 20721680, 0, 4.72, 195.75, 196.95, -0.01, -10.27, -191.57
3/29/2025 22:14:31, 3, 1, 0, 0, 334925103, -820057023, 32, 557, 20769244, 0, 4.18, 194.15, 196.88, -0.02, -10.81, -191.57
3/29/2025 22:14:32, 3, 1, 0, 0, 334925057, -820057052, 32, 565, 20926908, 0, 3.62, 191.99, 196.88, -0.03, -12.38, -191.57
3/29/2025 22:14:33, 3, 1, 0, 0, 334925012, -820057083, 32, 562, 21018606, 0, 3.07, 188.68, 192.82, -0.02, -17.36, -191.57
3/29/2025 22:14:34, 3, 1, 0, 0, 334924968, -820057112, 32, 530, 20791900, 0, 2.55, 184.37, 189.88, -0.03, -18.03, -191.57
3/29/2025 22:14:35, 3, 1, 0, 0, 334924924, -820057139, 32, 533, 20602978, 0, 2.06, 178.45, 184.82, -0.04, -21.21, -191.57
3/29/2025 22:14:36, 3, 1, 0, 0, 334924880, -820057161, 32, 515, 20202534, 0, 1.59, 170.60, 193.39, -0.13, -8.64, -206.14
3/29/2025 22:14:37, 3, 1, 0, 0, 334924837, -820057178, 32, 498, 19662258, 0, 24.62, 76.07, 182.65, -0.59, -13.97, -214.78
3/29/2025 22:14:37, 3, 1, 0, 0, 334924837, -820057178, 32, 498, 19662258, 0, 24.62, 76.07, 79.53, -0.02, -117.10, -214.78
3/29/2025 22:14:45, 3, 1, 0, 0, 334924667, -820057092, 32, 275, 9262050, 0, 24.38, 71.30, 69.34, 0.01, -23.28, -214.78
3/29/2025 22:14:46, 3, 1, 0, 0, 334924674, -820057051, 32, 449, 7491609, 0, 24.00, 71.18, 66.34, 0.03, -8.58, -214.78
3/29/2025 22:14:47, 3, 1, 0, 0, 334924688, -820057000, 32, 523, 7036729, 0, 23.50, 71.17, 70.28, 0.00, -0.09, -214.78
3/29/2025 22:14:48, 3, 1, 0, 0, 334924701, -820056950, 32, 481, 7465843, 0, 23.02, 71.14, 70.53, 0.00, -4.13, -214.78
3/29/2025 22:14:49, 3, 1, 0, 0, 334924713, -820056895, 32, 536, 7696576, 0, 22.49, 71.04, 91.50, -0.11, 14.53, -236.37
3/29/2025 22:14:49, 3, 1, 0, 0, 334924713, -820056895, 32, 536, 7696576, 0, 22.49, 71.04, 74.44, -0.02, -2.53, -236.37
3/29/2025 22:14:52, 3, 1, 0, 0, 334924752, -820056748, 32, 429, 6105036, 0, 21.06, 70.95, 68.44, 0.01, 7.39, -236.37
3/29/2025 22:14:53, 3, 1, 0, 0, 334924778, -820056704, 32, 521, 5533176, 0, 20.58, 71.34, 67.19, 0.02, 11.86, -236.37
3/29/2025 22:14:54, 3, 1, 0, 0, 334924808, -820056661, 32, 502, 5236464, 0, 20.10, 71.88, 70.12, 0.01, 17.76, -236.37
3/29/2025 22:14:55, 3, 1, 0, 0, 334924835, -820056615, 32, 534, 5900388, 0, 19.60, 72.32, 70.25, 0.01, 11.25, -236.37
3/29/2025 22:14:56, 3, 1, 0, 0, 334924860, -820056565, 32, 550, 5999822, 0, 19.07, 72.70, 70.25, 0.01, 10.25, -236.37
3/29/2025 22:14:57, 3, 1, 0, 0, 334924886, -820056514, 32, 562, 6025157, 0, 18.53, 73.11, 70.25, 0.02, 10.00, -236.37
3/29/2025 22:14:58, 3, 1, 0, 0, 334924911, -820056461, 32, 564, 6168974, 0, 17.98, 73.51, 70.25, 0.02, 8.56, -236.37
3/29/2025 22:14:59, 3, 1, 0, 0, 334924935, -820056408, 32, 567, 6191826, 0, 17.44, 73.89, 70.25, 0.02, 8.33, -236.37
3/29/2025 22:15:0, 3, 1, 0, 0, 334924959, -820056355, 32, 540, 6103991, 0, 16.89, 74.30, 62.07, 0.07, 1.03, -226.63
3/29/2025 22:15:1, 3, 1, 0, 0, 334924982, -820056303, 32, 539, 6338956, 0, 16.36, 74.70, 71.13, 0.02, 7.74, -226.63
3/29/2025 22:15:2, 3, 1, 0, 0, 334924995, -820056261, 32, 377, 7507111, 0, 15.94, 74.83, 76.25, -0.01, 1.18, -226.63
3/29/2025 22:15:3, 3, 1, 0, 0, 334925004, -820056211, 32, 512, 8138787, 0, 15.47, 74.74, 76.50, -0.01, -4.88, -226.63
3/29/2025 22:15:4, 3, 1, 0, 0, 334925011, -820056155, 32, 546, 8155776, 0, 14.95, 74.51, 76.50, -0.01, -5.05, -226.63
3/29/2025 22:15:5, 3, 1, 0, 0, 334925019, -820056096, 32, 561, 8219076, 0, 14.40, 74.27, 76.50, -0.01, -5.69, -226.63
3/29/2025 22:15:6, 3, 1, 0, 0, 334925027, -820056036, 32, 567, 8099220, 0, 13.84, 74.00, 76.50, -0.01, -4.49, -226.63
3/29/2025 22:15:7, 3, 1, 0, 0, 334925035, -820055976, 32, 570, 8102042, 0, 13.28, 73.70, 76.50, -0.02, -4.52, -226.63
3/29/2025 22:15:8, 3, 1, 0, 0, 334925042, -820055916, 32, 572, 8139826, 0, 12.72, 73.34, 76.50, -0.02, -4.89, -226.63
3/29/2025 22:15:9, 3, 1, 0, 0, 334925050, -820055855, 32, 568, 8168029, 0, 12.16, 72.97, 76.50, -0.02, -5.18, -226.63
3/29/2025 22:15:10, 3, 1, 0, 0, 334925057, -820055795, 32, 567, 8134068, 0, 11.60, 72.54, 76.50, -0.02, -4.84, -226.63
3/29/2025 22:15:11, 3, 1, 0, 0, 334925063, -820055735, 32, 555, 8273348, 0, 11.05, 72.00, 76.76, -0.03, -5.97, -229.32
3/29/2025 22:15:12, 3, 1, 0, 0, 334925072, -820055676, 32, 541, 7849600, 0, 10.50, 71.60, 72.95, -0.01, -5.55, -229.32
3/29/2025 22:15:13, 3, 1, 0, 0, 334925084, -820055620, 32, 535, 7429455, 0, 9.96, 71.38, 72.45, -0.01, -1.85, -229.32
3/29/2025 22:15:14, 3, 1, 0, 0, 334925097, -820055564, 32, 553, 7419100, 0, 9.43, 71.21, 72.39, -0.01, -1.80, -229.32
3/29/2025 22:15:15, 3, 1, 0, 0, 334925111, -820055507, 32, 565, 7465396, 0, 8.88, 71.06, 72.39, -0.01, -2.27, -229.32
3/29/2025 22:15:16, 3, 1, 0, 0, 334925124, -820055449, 32, 568, 7486807, 0, 8.32, 70.80, 72.39, -0.01, -2.48, -229.32
3/29/2025 22:15:17, 3, 1, 0, 0, 334925137, -820055390, 32, 568, 7591023, 0, 7.76, 70.48, 72.39, -0.01, -3.52, -229.32
3/29/2025 22:15:18, 3, 1, 0, 0, 334925149, -820055331, 32, 569, 7625935, 0, 7.19, 70.02, 72.39, -0.01, -3.87, -229.32
3/29/2025 22:15:19, 3, 1, 0, 0, 334925162, -820055272, 32, 564, 7623532, 0, 6.63, 69.58, 72.39, -0.02, -3.85, -229.32
3/29/2025 22:15:20, 3, 1, 0, 0, 334925173, -820055214, 32, 560, 7547376, 0, 6.08, 68.89, 72.39, -0.02, -3.09, -229.32
3/29/2025 22:15:21, 3, 1, 0, 0, 334925185, -820055155, 32, 556, 7573224, 0, 5.53, 68.14, 72.39, -0.02, -3.35, -229.32
3/29/2025 22:15:22, 3, 1, 0, 0, 334925197, -820055097, 32, 558, 7650773, 0, 4.98, 67.26, 72.80, -0.03, -3.70, -232.74
3/29/2025 22:15:23, 3, 1, 0, 0, 334925210, -820055040, 32, 537, 7236099, 0, 4.44, 66.35, 68.05, -0.01, -4.31, -232.74
3/29/2025 22:15:24, 3, 1, 0, 0, 334925227, -820054987, 32, 508, 6777428, 0, 3.91, 65.99, 67.62, -0.01, -0.16, -232.74
3/29/2025 22:15:25, 3, 1, 0, 0, 334925244, -820054934, 32, 535, 6765984, 0, 3.38, 65.53, 67.62, -0.01, -0.04, -232.74
3/29/2025 22:15:26, 3, 1, 0, 0, 334925263, -820054880, 32, 546, 6729310, 0, 2.84, 65.23, 67.62, -0.01, 0.32, -232.74
3/29/2025 22:15:27, 3, 1, 0, 0, 334925282, -820054826, 32, 549, 6718098, 0, 2.30, 64.78, 67.62, -0.02, 0.44, -232.74
3/29/2025 22:15:28, 3, 1, 0, 0, 334925301, -820054772, 32, 549, 6780276, 0, 1.75, 64.05, 67.62, -0.02, -0.19, -232.74
3/29/2025 22:15:29, 3, 1, 0, 0, 334925319, -820054717, 32, 553, 6799471, 0, 13.72, 105.95, 68.65, 0.21, 0.65, -233.83
3/29/2025 22:15:29, 3, 1, 0, 0, 334925319, -820054717, 32, 553, 6799471, 0, 13.72, 105.95, 102.58, 0.02, 34.59, -233.83
3/29/2025 22:15:33, 3, 1, 0, 0, 334925345, -820054604, 32, 261, 11009962, 0, 12.80, 108.49, 112.27, -0.02, 2.17, -233.83
3/29/2025 22:15:34, 3, 1, 0, 0, 334925333, -820054573, 32, 346, 11677128, 0, 12.49, 108.33, 110.83, -0.01, -5.94, -233.83
3/29/2025 22:15:35, 3, 1, 0, 0, 334925319, -820054531, 32, 456, 10789032, 0, 12.07, 108.20, 110.52, -0.01, 2.63, -233.83
3/29/2025 22:15:36, 3, 1, 0, 0, 334925303, -820054481, 32, 515, 11282762, 0, 11.57, 108.09, 109.90, -0.01, -2.93, -233.83
3/29/2025 22:15:37, 3, 1, 0, 0, 334925284, -820054427, 32, 539, 11156806, 0, 11.03, 107.85, 109.96, -0.01, -1.61, -233.83
3/29/2025 22:15:38, 3, 1, 0, 0, 334925267, -820054373, 32, 545, 11073758, 0, 10.50, 107.71, 109.96, -0.01, -0.78, -233.83
3/29/2025 22:15:39, 3, 1, 0, 0, 334925250, -820054319, 32, 551, 11082742, 0, 9.96, 107.55, 109.96, -0.01, -0.87, -233.83
3/29/2025 22:15:40, 3, 1, 0, 0, 334925232, -820054263, 32, 558, 11102588, 0, 9.41, 107.34, 107.03, 0.00, -4.00, -230.90
3/29/2025 22:15:41, 3, 1, 0, 0, 334925214, -820054208, 32, 552, 11045776, 0, 8.86, 107.08, 107.03, 0.00, -3.43, -230.90
3/29/2025 22:15:42, 3, 1, 0, 0, 334925197, -820054152, 32, 559, 11041692, 0, 8.31, 106.89, 107.03, -0.00, -3.39, -230.90
3/29/2025 22:15:43, 3, 1, 0, 0, 334925179, -820054095, 32, 563, 11045270, 0, 7.74, 106.61, 107.03, -0.00, -3.43, -230.90
3/29/2025 22:15:44, 3, 1, 0, 0, 334925160, -820054039, 32, 559, 11141902, 0, 7.19, 106.18, 107.03, -0.00, -4.39, -230.90
3/29/2025 22:15:45, 3, 1, 0, 0, 334925141, -820053982, 32, 561, 11162592, 0, 6.62, 105.70, 107.03, -0.01, -4.60, -230.90
3/29/2025 22:15:46, 3, 1, 0, 0, 334925122, -820053926, 32, 559, 11102918, 0, 6.06, 105.10, 107.03, -0.01, -4.00, -230.90
3/29/2025 22:15:47, 3, 1, 0, 0, 334925103, -820053869, 32, 561, 11177584, 0, 5.50, 104.41, 107.03, -0.01, -4.75, -230.90
3/29/2025 22:15:48, 3, 1, 0, 0, 334925083, -820053813, 32, 553, 11140298, 0, 4.94, 103.41, 107.03, -0.02, -4.38, -230.90
3/29/2025 22:15:49, 3, 1, 0, 0, 334925064, -820053759, 32, 533, 11306886, 0, 4.40, 102.25, 105.21, -0.02, -7.85, -230.90
3/29/2025 22:15:50, 3, 1, 0, 0, 334925046, -820053704, 32, 552, 11043806, 0, 3.86, 100.95, 109.51, -0.05, -0.93, -235.32
3/29/2025 22:15:51, 3, 1, 0, 0, 334925028, -820053651, 32, 516, 11294494, 0, 3.35, 99.18, 102.01, -0.02, -10.93, -235.32
3/29/2025 22:15:52, 3, 1, 0, 0, 334925015, -820053600, 32, 498, 10197008, 0, 2.86, 97.83, 99.70, -0.01, -2.27, -235.32
3/29/2025 22:15:53, 3, 1, 0, 0, 334925006, -820053545, 32, 534, 9949288, 0, 2.34, 97.11, 99.26, -0.01, -0.23, -235.32
3/29/2025 22:15:54, 3, 1, 0, 0, 334924998, -820053489, 32, 544, 9994656, 0, 1.81, 96.35, 99.14, -0.02, -0.81, -235.32
3/29/2025 22:15:55, 3, 1, 0, 0, 334924990, -820053435, 32, 503, 10099116, 0, 13.86, 108.20, 102.10, 0.03, 1.11, -238.35
3/29/2025 22:15:56, 3, 1, 0, 0, 334924983, -820053394, 32, 345, 10084108, 0, 13.47, 108.39, 107.54, 0.00, 6.70, -238.35
3/29/2025 22:15:57, 3, 1, 0, 0, 334924973, -820053353, 32, 397, 10671288, 0, 13.07, 108.45, 110.54, -0.01, 3.83, -238.35
3/29/2025 22:15:58, 3, 1, 0, 0, 334924959, -820053306, 32, 493, 11016202, 0, 12.61, 108.41, 111.10, -0.01, 0.94, -238.35
3/29/2025 22:15:59, 3, 1, 0, 0, 334924943, -820053252, 32, 535, 10988944, 0, 12.08, 108.36, 111.17, -0.02, 1.28, -238.35
3/29/2025 22:16:0, 3, 1, 0, 0, 334924926, -820053197, 32, 543, 11017268, 0, 11.54, 108.26, 111.17, -0.02, 0.99, -238.35
3/29/2025 22:16:1, 3, 1, 0, 0, 334924908, -820053143, 32, 552, 11092722, 0, 11.00, 108.09, 111.17, -0.02, 0.24, -238.35
3/29/2025 22:16:2, 3, 1, 0, 0, 334924890, -820053089, 32, 552, 11132566, 0, 10.46, 107.90, 111.17, -0.02, -0.16, -238.35
3/29/2025 22:16:3, 3, 1, 0, 0, 334924871, -820053034, 32, 556, 11168402, 0, 9.91, 107.64, 111.17, -0.02, -0.52, -238.35
3/29/2025 22:16:4, 3, 1, 0, 0, 334924850, -820052979, 32, 562, 11271710, 0, 9.35, 107.23, 111.17, -0.02, -1.55, -238.35
3/29/2025 22:16:5, 3, 1, 0, 0, 334924829, -820052925, 32, 552, 11456664, 0, 8.80, 106.74, 107.76, -0.01, -6.81, -237.07
3/29/2025 22:16:6, 3, 1, 0, 0, 334924810, -820052868, 32, 546, 11035346, 0, 8.24, 106.39, 107.63, -0.01, -2.72, -237.07
3/29/2025 22:16:7, 3, 1, 0, 0, 334924790, -820052812, 32, 550, 11164350, 0, 7.68, 105.89, 107.63, -0.01, -4.01, -237.07
3/29/2025 22:16:8, 3, 1, 0, 0, 334924772, -820052756, 32, 552, 11209826, 0, 7.12, 105.49, 107.63, -0.01, -4.47, -237.07
3/29/2025 22:16:9, 3, 1, 0, 0, 334924753, -820052700, 32, 554, 11224720, 0, 6.57, 104.92, 107.63, -0.02, -4.62, -237.07
3/29/2025 22:16:10, 3, 1, 0, 0, 334924733, -820052644, 32, 560, 11311812, 0, 6.01, 104.15, 107.63, -0.02, -5.49, -237.07
3/29/2025 22:16:11, 3, 1, 0, 0, 334924714, -820052587, 32, 568, 11264168, 0, 5.44, 103.35, 107.63, -0.02, -5.01, -237.07
3/29/2025 22:16:12, 3, 1, 0, 0, 334924693, -820052531, 32, 560, 11461692, 0, 4.89, 102.09, 104.88, -0.02, -9.74, -237.07
3/29/2025 22:16:13, 3, 1, 0, 0, 334924674, -820052476, 32, 548, 11106148, 0, 4.34, 100.77, 104.44, -0.02, -6.62, -237.07
3/29/2025 22:16:14, 3, 1, 0, 0, 334924655, -820052421, 32, 550, 11218608, 0, 3.80, 99.08, 102.13, -0.02, -10.06, -237.07
