Time, fixType, gnssFixOk, headVehValid, invalid_llh, Lat, Lon, SIV, groundSpeed, headingMotion, headingVehicle, distanceBetween, targetHeading, currentHeading, headingError, gpsError, averageGPSError
4/8/21438 0:0:15, 97, 0, 0, 0, 0, 0, 0, 0, 0, 0, 9269517.30, 303.75, 7.87, -0.36, 7.87, 0.00
3/29/2025 22:55:50, 0, 0, 0, 0, 0, 0, 0, 0, 0, 0, 9269517.30, 303.75, 7.87, -0.36, 7.87, 0.00
3/29/2025 22:55:51, 0, 0, 0, 0, 0, 0, 0, 0, 0, 0, 9269517.30, 303.75, 7.87, -0.36, 7.87, 0.00
3/29/2025 22:55:52, 0, 0, 0, 0, 0, 0, 0, 0, 0, 0, 9269517.30, 303.75, 7.87, -0.36, 7.87, 0.00
3/29/2025 22:55:53, 0, 0, 0, 0, 0, 0, 0, 0, 0, 0, 9269517.30, 303.75, 7.87, -0.36, 7.87, 0.00
3/29/2025 22:55:54, 0, 0, 0, 0, 0, 0, 0, 0, 0, 0, 9269517.30, 303.75, 7.87, -0.36, 7.87, 0.00
3/29/2025 22:55:55, 0, 0, 0, 0, 0, 0, 0, 0, 0, 0, 9269517.30, 303.75, 7.87, -0.36, 7.87, 0.00
3/29/2025 22:55:56, 0, 0, 0, 0, 0, 0, 0, 0, 0, 0, 9269517.30, 303.75, 7.87, -0.36, 7.87, 0.00
3/29/2025 22:55:57, 0, 0, 0, 0, 0, 0, 0, 0, 0, 0, 9269517.30, 303.75, 7.87, -0.36, 7.87, 0.00
3/29/2025 22:55:58, 0, 0, 0, 0, 0, 0, 0, 0, 0, 0, 9269517.30, 303.75, 7.87, -0.36, 7.87, 0.00
3/29/2025 22:55:59, 0, 0, 0, 0, 0, 0, 0, 0, 0, 0, 9269517.30, 303.75, 7.87, -0.36, 7.87, 0.00
3/29/2025 22:56:0, 3, 1, 0, 0, 334924620, -820050893, 6, 75, 0, 0, 10.29, 268.82, 7.87, -0.55, 7.87, 0.00
3/29/2025 22:56:0, 3, 1, 0, 0, 334924620, -820050893, 6, 75, 0, 0, 10.29, 268.82, 272.12, -0.02, 272.12, 0.00
3/29/2025 22:56:9, 3, 1, 0, 0, 334924603, -820051087, 10, 433, 21882812, 0, 8.49, 269.85, 266.12, 0.02, 47.30, 0.00
3/29/2025 22:56:10, 3, 1, 0, 0, 334924563, -820051118, 12, 492, 21303844, 0, 8.21, 272.95, 268.94, 0.02, 55.90, 0.00
3/29/2025 22:56:11, 3, 1, 0, 0, 334924520, -820051156, 12, 508, 21981130, 0, 7.90, 276.55, 272.69, 0.02, 52.88, 0.00
3/29/2025 22:56:12, 3, 1, 0, 0, 334924476, -820051198, 12, 539, 22053440, 0, 7.59, 280.56, 249.13, 0.17, 28.59, 27.56
3/29/2025 22:56:13, 3, 1, 0, 0, 334924444, -820051234, 12, 367, 22403844, 0, 7.33, 283.77, 277.38, 0.04, 53.34, 27.56
3/29/2025 22:56:14, 3, 1, 0, 0, 334924426, -820051264, 12, 265, 23971092, 0, 7.12, 285.87, 288.94, -0.02, 49.23, 27.56
3/29/2025 22:56:15, 3, 1, 0, 0, 334924414, -820051304, 16, 392, 25323760, 0, 6.80, 287.81, 292.38, -0.03, 39.14, 27.56
3/29/2025 22:56:16, 3, 1, 0, 0, 334924407, -820051359, 16, 520, 26556664, 0, 6.34, 289.89, 289.44, 0.00, 23.87, 27.56
3/29/2025 22:56:18, 3, 1, 0, 0, 334924394, -820051478, 21, 567, 26177324, 0, 5.38, 295.35, 289.50, 0.03, 27.73, 27.56
3/29/2025 22:56:19, 3, 1, 0, 0, 334924392, -820051535, 23, 493, 26286604, 0, 4.92, 298.22, 296.00, 0.01, 33.14, 27.56
3/29/2025 22:56:20, 3, 1, 0, 0, 334924391, -820051592, 23, 550, 26830674, 0, 4.46, 301.56, 298.94, 0.01, 30.63, 27.56
3/29/2025 22:56:21, 3, 1, 0, 0, 334924393, -820051652, 23, 563, 26947246, 0, 3.99, 305.47, 301.06, 0.02, 31.59, 27.56
3/29/2025 22:56:22, 3, 1, 0, 0, 334924397, -820051712, 23, 559, 27349666, 0, 3.52, 310.15, 269.91, 0.22, -3.58, 62.78
3/29/2025 22:56:22, 3, 1, 0, 0, 334924397, -820051712, 23, 559, 27349666, 0, 3.52, 310.15, 306.79, 0.02, 33.29, 62.78
3/29/2025 22:56:25, 3, 1, 0, 0, 334924425, -820051816, 24, 300, 30927394, 0, 2.61, 318.61, 316.72, 0.01, 7.45, 62.78
3/29/2025 22:56:26, 3, 1, 0, 0, 334924454, -820051847, 24, 484, 31467856, 0, 2.18, 318.67, 320.29, -0.01, 5.61, 62.78
3/29/2025 22:56:27, 3, 1, 0, 0, 334924493, -820051881, 24, 556, 32148848, 0, 1.64, 316.94, 321.35, -0.02, -0.14, 62.78
3/29/2025 22:56:28, 3, 1, 0, 0, 334924535, -820051914, 24, 532, 32469290, 0, 13.66, 291.80, 309.39, -0.10, -15.30, 71.17
3/29/2025 22:56:29, 3, 1, 0, 0, 334924568, -820051941, 24, 403, 32026590, 0, 13.29, 290.73, 295.27, -0.03, -25.00, 71.17
3/29/2025 22:56:31, 3, 1, 0, 0, 334924613, -820052005, 24, 457, 29736598, 0, 12.56, 289.56, 289.89, -0.00, -7.47, 71.17
3/29/2025 22:56:32, 3, 1, 0, 0, 334924633, -820052054, 24, 534, 29463232, 0, 12.06, 289.28, 290.02, -0.00, -4.61, 71.17
3/29/2025 22:56:33, 3, 1, 0, 0, 334924655, -820052106, 24, 559, 29615252, 0, 11.52, 288.93, 290.08, -0.01, -6.07, 71.17
3/29/2025 22:56:34, 3, 1, 0, 0, 334924679, -820052161, 24, 578, 29661326, 0, 10.95, 288.47, 290.08, -0.01, -6.53, 71.17
3/29/2025 22:56:35, 3, 1, 0, 0, 334924702, -820052217, 24, 581, 29716128, 0, 10.38, 288.04, 290.08, -0.01, -7.08, 71.17
3/29/2025 22:56:36, 3, 1, 0, 0, 334924726, -820052271, 24, 575, 29770562, 0, 9.82, 287.46, 290.08, -0.01, -7.62, 71.17
3/29/2025 22:56:37, 3, 1, 0, 0, 334924751, -820052326, 24, 585, 29898748, 0, 9.25, 286.77, 290.08, -0.02, -8.91, 71.17
3/29/2025 22:56:38, 3, 1, 0, 0, 334924777, -820052381, 24, 594, 29984348, 0, 8.68, 285.91, 290.08, -0.02, -9.76, 71.17
3/29/2025 22:56:39, 3, 1, 0, 0, 334924800, -820052433, 24, 543, 29754164, 0, 8.15, 285.11, 297.15, -0.07, -0.39, 61.35
3/29/2025 22:56:40, 3, 1, 0, 0, 334924820, -820052479, 25, 463, 29679028, 0, 7.68, 284.34, 288.65, -0.02, -8.14, 61.35
3/29/2025 22:56:41, 3, 1, 0, 0, 334924835, -820052529, 25, 518, 28562804, 0, 7.19, 283.97, 283.96, 0.00, -1.67, 61.35
3/29/2025 22:56:42, 3, 1, 0, 0, 334924847, -820052585, 25, 563, 28335456, 0, 6.65, 283.93, 283.27, 0.00, -0.08, 61.35
3/29/2025 22:56:43, 3, 1, 0, 0, 334924859, -820052643, 25, 568, 28379048, 0, 6.10, 283.93, 283.27, 0.00, -0.52, 61.35
3/29/2025 22:56:44, 3, 1, 0, 0, 334924872, -820052701, 25, 579, 28479400, 0, 5.54, 283.82, 283.27, 0.00, -1.52, 61.35
3/29/2025 22:56:45, 3, 1, 0, 0, 334924888, -820052761, 25, 587, 28693952, 0, 4.96, 283.36, 283.27, 0.00, -3.66, 61.35
3/29/2025 22:56:46, 3, 1, 0, 0, 334924903, -820052820, 25, 586, 28759910, 0, 4.39, 282.89, 283.27, -0.00, -4.32, 61.35
3/29/2025 22:56:47, 3, 1, 0, 0, 334924919, -820052879, 25, 589, 28729634, 0, 3.81, 282.12, 283.27, -0.01, -4.02, 61.35
3/29/2025 22:56:48, 3, 1, 0, 0, 334924935, -820052939, 27, 598, 28808230, 0, 3.23, 281.11, 283.27, -0.01, -4.81, 61.35
3/29/2025 22:56:49, 3, 1, 0, 0, 334924953, -820052999, 27, 593, 28937954, 0, 2.65, 279.18, 283.27, -0.02, -6.10, 61.35
3/29/2025 22:56:50, 3, 1, 0, 0, 334924969, -820053055, 27, 542, 28915604, 0, 2.11, 276.66, 283.92, -0.04, -5.24, 58.15
3/29/2025 22:56:51, 3, 1, 0, 0, 334924984, -820053106, 27, 498, 29002864, 0, 1.63, 272.75, 277.29, -0.03, -12.74, 58.15
3/29/2025 22:56:52, 3, 1, 0, 0, 334924993, -820053156, 27, 473, 27847584, 0, 14.05, 287.36, 282.34, 0.03, 3.87, 49.16
3/29/2025 22:56:53, 3, 1, 0, 0, 334924996, -820053195, 27, 342, 27442810, 0, 13.70, 287.68, 286.28, 0.01, 11.85, 49.16
3/29/2025 22:56:54, 3, 1, 0, 0, 334925003, -820053239, 27, 455, 28306878, 0, 13.29, 287.89, 288.28, -0.00, 5.21, 49.16
3/29/2025 22:56:55, 3, 1, 0, 0, 334925016, -820053292, 27, 538, 28642816, 0, 12.77, 287.95, 288.28, -0.00, 1.85, 49.16
3/29/2025 22:56:56, 3, 1, 0, 0, 334925030, -820053349, 27, 563, 28773030, 0, 12.22, 288.02, 288.28, -0.00, 0.55, 49.16
3/29/2025 22:56:57, 3, 1, 0, 0, 334925047, -820053407, 27, 578, 28900862, 0, 11.65, 287.96, 288.28, -0.00, -0.73, 49.16
3/29/2025 22:56:58, 3, 1, 0, 0, 334925064, -820053465, 27, 581, 28951678, 0, 11.08, 287.89, 288.28, -0.00, -1.24, 49.16
3/29/2025 22:56:59, 3, 1, 0, 0, 334925082, -820053524, 27, 587, 29029974, 0, 10.50, 287.76, 288.28, -0.00, -2.02, 49.16
3/29/2025 22:57:0, 3, 1, 0, 0, 334925102, -820053583, 27, 600, 29193322, 0, 9.91, 287.50, 288.28, -0.00, -3.65, 49.16
3/29/2025 22:57:1, 3, 1, 0, 0, 334925122, -820053642, 27, 592, 29200318, 0, 9.32, 287.21, 288.28, -0.01, -3.72, 49.16
3/29/2025 22:57:2, 3, 1, 0, 0, 334925143, -820053700, 27, 598, 29287114, 0, 8.74, 286.79, 288.28, -0.01, -4.59, 49.16
3/29/2025 22:57:3, 3, 1, 0, 0, 334925165, -820053759, 27, 598, 29417644, 0, 8.15, 286.26, 287.61, -0.01, -6.56, 49.82
3/29/2025 22:57:4, 3, 1, 0, 0, 334925186, -820053817, 27, 592, 29398064, 0, 7.56, 285.70, 287.61, -0.01, -6.37, 49.82
3/29/2025 22:57:5, 3, 1, 0, 0, 334925208, -820053875, 27, 591, 29420344, 0, 6.98, 284.96, 287.61, -0.01, -6.59, 49.82
3/29/2025 22:57:6, 3, 1, 0, 0, 334925231, -820053932, 27, 588, 29495430, 0, 6.40, 283.97, 287.61, -0.02, -7.34, 49.82
3/29/2025 22:57:7, 3, 1, 0, 0, 334925254, -820053987, 27, 562, 29714758, 0, 5.85, 282.74, 285.68, -0.02, -11.47, 49.82
3/29/2025 22:57:8, 3, 1, 0, 0, 334925276, -820054042, 27, 580, 29454304, 0, 5.30, 281.38, 285.55, -0.02, -8.99, 49.82
3/29/2025 22:57:9, 3, 1, 0, 0, 334925298, -820054095, 27, 538, 29720676, 0, 4.77, 279.66, 282.74, -0.02, -14.47, 49.82
3/29/2025 22:57:10, 3, 1, 0, 0, 334925319, -820054150, 27, 572, 29219576, 0, 4.23, 277.71, 282.24, -0.03, -9.96, 49.82
3/29/2025 22:57:11, 3, 1, 0, 0, 334925340, -820054204, 28, 543, 29624232, 0, 3.71, 275.16, 278.74, -0.02, -17.50, 49.82
3/29/2025 22:57:12, 3, 1, 0, 0, 334925358, -820054260, 28, 560, 28926996, 0, 3.18, 272.41, 278.24, -0.03, -11.03, 49.82
3/29/2025 22:57:13, 3, 1, 0, 0, 334925377, -820054314, 28, 548, 29365970, 0, 2.67, 268.33, 283.14, -0.08, -10.52, 39.80
3/29/2025 22:57:14, 3, 1, 0, 0, 334925392, -820054368, 28, 517, 28718872, 0, 2.18, 263.57, 271.83, -0.05, -15.36, 39.80
3/29/2025 22:57:15, 3, 1, 0, 0, 334925400, -820054415, 28, 416, 27888206, 0, 1.77, 259.11, 262.58, -0.02, -16.30, 39.80
3/29/2025 22:57:16, 3, 1, 0, 0, 334925401, -820054465, 28, 503, 26839276, 0, 12.33, 22.56, 274.76, 0.60, 6.37, 25.74
3/29/2025 22:57:16, 3, 1, 0, 0, 334925401, -820054465, 28, 503, 26839276, 0, 12.33, 22.56, 19.26, 0.02, -249.13, 25.74
3/29/2025 22:57:24, 3, 1, 0, 0, 334925437, -820054601, 29, 271, 2380300, 0, 12.52, 28.60, 29.76, -0.01, 5.96, 25.74
3/29/2025 22:57:25, 3, 1, 0, 0, 334925467, -820054580, 29, 408, 3252828, 0, 12.13, 28.55, 33.83, -0.03, 1.30, 25.74
3/29/2025 22:57:26, 3, 1, 0, 0, 334925496, -820054556, 29, 385, 3550537, 0, 11.74, 28.35, 29.83, -0.01, -5.68, 25.74
3/29/2025 22:57:27, 3, 1, 0, 0, 334925531, -820054527, 29, 502, 3471331, 0, 11.27, 28.08, 12.35, 0.09, -22.37, 42.21
3/29/2025 22:57:28, 3, 1, 0, 0, 334925562, -820054503, 29, 352, 3441119, 0, 10.86, 27.90, 24.60, 0.02, -9.81, 42.21
3/29/2025 22:57:29, 3, 1, 0, 0, 334925585, -820054473, 29, 387, 5287749, 0, 10.51, 27.22, 30.29, -0.02, -22.59, 42.21
3/29/2025 22:57:30, 3, 1, 0, 0, 334925608, -820054431, 29, 496, 5809020, 0, 10.10, 25.91, 30.29, -0.02, -27.81, 42.21
3/29/2025 22:57:31, 3, 1, 0, 0, 334925632, -820054387, 29, 465, 5841107, 0, 9.69, 24.43, 26.60, -0.01, -31.81, 42.21
3/29/2025 22:57:32, 3, 1, 0, 0, 334925657, -820054343, 29, 509, 5516724, 0, 9.27, 22.85, 25.35, -0.01, -29.82, 42.21
3/29/2025 22:57:33, 3, 1, 0, 0, 334925685, -820054298, 29, 522, 5445028, 0, 8.82, 21.13, 24.97, -0.02, -29.48, 42.21
3/29/2025 22:57:34, 3, 1, 0, 0, 334925712, -820054254, 29, 487, 5417993, 0, 8.40, 19.28, 22.47, -0.02, -31.71, 42.21
3/29/2025 22:57:35, 3, 1, 0, 0, 334925741, -820054211, 29, 514, 5132565, 0, 7.97, 17.33, 21.85, -0.03, -29.48, 42.21
3/29/2025 22:57:36, 3, 1, 0, 0, 334925768, -820054170, 29, 465, 5333664, 0, 7.57, 15.26, 18.22, -0.02, -35.11, 42.21
3/29/2025 22:57:37, 3, 1, 0, 0, 334925798, -820054129, 29, 508, 4780602, 0, 7.16, 13.03, 44.43, -0.17, -3.37, 15.19
3/29/2025 22:57:37, 3, 1, 0, 0, 334925798, -820054129, 29, 508, 4780602, 0, 7.16, 13.03, 16.37, -0.02, -31.44, 15.19
3/29/2025 22:57:40, 3, 1, 0, 0, 334925877, -820054043, 29, 319, 2733548, 0, 6.15, 7.63, 9.99, -0.01, -17.34, 15.19
3/29/2025 22:57:41, 3, 1, 0, 0, 334925914, -820054031, 29, 450, 1135564, 0, 5.73, 7.07, 8.99, -0.01, -2.36, 15.19
3/29/2025 22:57:42, 3, 1, 0, 0, 334925958, -820054020, 29, 501, 1285346, 0, 5.23, 6.62, 8.62, -0.01, -4.23, 15.19
3/29/2025 22:57:43, 3, 1, 0, 0, 334926004, -820054008, 29, 525, 1251180, 0, 4.71, 5.99, 8.62, -0.01, -3.89, 15.19
3/29/2025 22:57:44, 3, 1, 0, 0, 334926051, -820053995, 29, 523, 1381987, 0, 4.18, 5.10, 8.62, -0.02, -5.20, 15.19
3/29/2025 22:57:45, 3, 1, 0, 0, 334926098, -820053980, 29, 535, 1494967, 0, 3.64, 3.65, 8.62, -0.03, -6.33, 15.19
3/29/2025 22:57:46, 3, 1, 0, 0, 334926145, -820053966, 29, 539, 1505062, 0, 3.12, 1.88, 4.62, -0.02, -10.43, 15.19
3/29/2025 22:57:47, 3, 1, 0, 0, 334926191, -820053954, 29, 506, 1215492, 0, 2.60, 359.80, 13.34, -0.08, 1.18, 5.85
3/29/2025 22:57:48, 3, 1, 0, 0, 334926237, -820053943, 29, 521, 1078359, 0, 2.09, 356.95, 3.15, -0.03, -7.63, 5.85
3/29/2025 22:57:50, 3, 1, 0, 0, 334926314, -820053938, 29, 445, 35255056, 0, 1.24, 352.72, 355.71, -0.02, 3.16, 5.85
3/29/2025 22:57:51, 3, 1, 0, 0, 334926347, -820053944, 29, 346, 34920804, 0, 20.32, 355.73, 355.06, 0.00, 5.85, 4.76
3/29/2025 22:57:52, 3, 1, 0, 0, 334926381, -820053952, 29, 390, 34883604, 0, 19.94, 355.87, 354.43, 0.01, 5.59, 4.76
3/29/2025 22:57:53, 3, 1, 0, 0, 334926421, -820053960, 29, 464, 35073104, 0, 19.49, 355.99, 354.43, 0.01, 3.70, 4.76
3/29/2025 22:57:54, 3, 1, 0, 0, 334926465, -820053968, 29, 503, 35188948, 0, 19.00, 356.11, 354.43, 0.01, 2.54, 4.76
3/29/2025 22:57:55, 3, 1, 0, 0, 334926512, -820053975, 29, 526, 35299436, 0, 18.47, 356.20, 354.43, 0.01, 1.44, 4.76
3/29/2025 22:57:56, 3, 1, 0, 0, 334926560, -820053982, 29, 534, 35351012, 0, 17.93, 356.29, 354.43, 0.01, 0.92, 4.76
3/29/2025 22:57:57, 3, 1, 0, 0, 334926608, -820053987, 29, 533, 35487112, 0, 17.40, 356.33, 354.43, 0.01, -0.44, 4.76
3/29/2025 22:57:58, 3, 1, 0, 0, 334926657, -820053992, 29, 543, 35546652, 0, 16.85, 356.37, 354.43, 0.01, -1.04, 4.76
3/29/2025 22:57:59, 3, 1, 0, 0, 334926706, -820053996, 29, 543, 35613684, 0, 16.30, 356.38, 354.43, 0.01, -1.71, 4.76
3/29/2025 22:58:0, 3, 1, 0, 0, 334926755, -820054000, 29, 546, 35677776, 0, 15.76, 356.39, 354.43, 0.01, -2.35, 4.76
3/29/2025 22:58:1, 3, 1, 0, 0, 334926804, -820054003, 29, 548, 35716104, 0, 15.21, 356.36, 352.98, 0.02, -4.18, 6.21
3/29/2025 22:58:2, 3, 1, 0, 0, 334926854, -820054005, 29, 546, 35780612, 0, 14.66, 356.30, 352.98, 0.02, -4.83, 6.21
3/29/2025 22:58:3, 3, 1, 0, 0, 334926903, -820054006, 29, 544, 35888900, 0, 14.11, 356.19, 352.98, 0.02, -5.91, 6.21
3/29/2025 22:58:4, 3, 1, 0, 0, 334926952, -820054007, 29, 543, 35904232, 0, 13.57, 356.08, 352.98, 0.02, -6.06, 6.21
3/29/2025 22:58:5, 3, 1, 0, 0, 334927002, -820054007, 29, 546, 35957848, 0, 13.01, 355.91, 352.98, 0.02, -6.60, 6.21
3/29/2025 22:58:6, 3, 1, 0, 0, 334927051, -820054007, 29, 546, 33292, 0, 12.47, 355.73, 352.98, 0.02, 352.65, 6.21
3/29/2025 22:58:7, 3, 1, 0, 0, 334927100, -820054006, 29, 548, 93850, 0, 11.93, 355.49, 352.98, 0.01, 352.04, 6.21
3/29/2025 22:58:8, 3, 1, 0, 0, 334927149, -820054004, 29, 539, 109886, 0, 11.39, 355.19, 352.98, 0.01, 351.88, 6.21
3/29/2025 22:58:9, 3, 1, 0, 0, 334927198, -820054002, 29, 544, 189008, 0, 10.84, 354.85, 352.98, 0.01, 351.09, 6.21
3/29/2025 22:58:10, 3, 1, 0, 0, 334927248, -820054000, 29, 541, 206114, 0, 10.29, 354.47, 352.98, 0.01, 350.92, 6.21
3/29/2025 22:58:11, 3, 1, 0, 0, 334927297, -820053997, 29, 542, 246644, 0, 9.75, 353.99, 359.88, -0.03, 357.41, -0.69
3/29/2025 22:58:12, 3, 1, 0, 0, 334927340, -820053994, 29, 445, 359228, 0, 9.28, 353.51, 354.63, -0.01, 351.04, -0.69
3/29/2025 22:58:13, 3, 1, 0, 0, 334927385, -820053996, 29, 521, 35599828, 0, 8.78, 353.27, 353.69, -0.00, -2.31, -0.69
3/29/2025 22:58:14, 3, 1, 0, 0, 334927433, -820053999, 29, 532, 35707580, 0, 8.25, 353.02, 353.50, -0.00, -3.57, -0.69
3/29/2025 22:58:15, 3, 1, 0, 0, 334927482, -820054001, 29, 532, 35702112, 0, 7.70, 352.67, 353.50, -0.00, -3.52, -0.69
3/29/2025 22:58:16, 3, 1, 0, 0, 334927531, -820054003, 29, 539, 35835952, 0, 7.16, 352.26, 353.50, -0.01, -4.85, -0.69
3/29/2025 22:58:17, 3, 1, 0, 0, 334927580, -820054004, 29, 543, 35877316, 0, 6.62, 351.70, 353.50, -0.01, -5.27, -0.69
3/29/2025 22:58:18, 3, 1, 0, 0, 334927630, -820054005, 29, 543, 35951440, 0, 6.07, 351.03, 353.50, -0.01, -6.01, -0.69
3/29/2025 22:58:19, 3, 1, 0, 0, 334927679, -820054004, 29, 544, 34072, 0, 5.53, 350.06, 353.50, -0.02, 353.16, -0.69
3/29/2025 22:58:20, 3, 1, 0, 0, 334927728, -820054004, 29, 540, 35996012, 0, 5.00, 348.98, 353.50, -0.03, -6.46, -0.69
3/29/2025 22:58:21, 3, 1, 0, 0, 334927773, -820054004, 29, 473, 61453, 0, 4.51, 347.76, 355.04, -0.04, 354.43, -5.73
3/29/2025 22:58:22, 3, 1, 0, 0, 334927814, -820054004, 29, 441, 35831348, 0, 4.06, 346.40, 348.54, -0.01, -9.77, -5.73
3/29/2025 22:58:23, 3, 1, 0, 0, 334927857, -820054012, 29, 499, 34898908, 0, 3.58, 345.75, 346.79, -0.01, -2.20, -5.73
3/29/2025 22:58:24, 3, 1, 0, 0, 334927902, -820054021, 29, 520, 35023280, 0, 3.08, 344.96, 346.35, -0.01, -3.88, -5.73
3/29/2025 22:58:25, 3, 1, 0, 0, 334927950, -820054030, 29, 535, 35079520, 0, 2.54, 343.66, 346.35, -0.01, -4.44, -5.73
3/29/2025 22:58:26, 3, 1, 0, 0, 334927998, -820054039, 29, 538, 35060896, 0, 2.00, 341.65, 346.35, -0.03, -4.26, -5.73
3/29/2025 22:58:27, 3, 1, 0, 0, 334928042, -820054047, 29, 474, 35212496, 0, 1.52, 338.50, 342.60, -0.02, -9.52, -5.73
3/29/2025 22:58:28, 3, 1, 0, 0, 334928082, -820054058, 29, 449, 34473640, 0, 18.34, 228.45, 345.14, -0.65, 0.40, -11.39
3/29/2025 22:58:28, 3, 1, 0, 0, 334928082, -820054058, 29, 449, 34473640, 0, 18.34, 228.45, 231.83, -0.02, -112.91, -11.39
3/29/2025 22:58:37, 3, 1, 0, 0, 334928181, -820054301, 29, 438, 23383238, 0, 17.54, 220.85, 223.52, -0.01, -10.32, -11.39
3/29/2025 22:58:38, 3, 1, 0, 0, 334928150, -820054344, 29, 560, 22793420, 0, 17.02, 220.59, 222.64, -0.01, -5.29, -11.39
3/29/2025 22:58:39, 3, 1, 0, 0, 334928114, -820054391, 29, 598, 22820192, 0, 16.43, 220.35, 247.23, -0.15, 19.03, -35.98
3/29/2025 22:58:40, 3, 1, 0, 0, 334928082, -820054435, 29, 517, 22999392, 0, 15.90, 220.06, 223.86, -0.02, -6.14, -35.98
3/29/2025 22:58:42, 3, 1, 0, 0, 334928018, -820054496, 29, 449, 20873120, 0, 14.99, 220.15, 217.98, 0.01, 9.25, -35.98
3/29/2025 22:58:43, 3, 1, 0, 0, 334927977, -820054519, 29, 541, 20377114, 0, 14.50, 220.67, 217.79, 0.02, 14.02, -35.98
3/29/2025 22:58:44, 3, 1, 0, 0, 334927930, -820054543, 29, 573, 20456370, 0, 13.96, 221.38, 217.79, 0.02, 13.23, -35.98
3/29/2025 22:58:45, 3, 1, 0, 0, 334927883, -820054569, 29, 580, 20556244, 0, 13.41, 222.08, 217.79, 0.02, 12.23, -35.98
3/29/2025 22:58:46, 3, 1, 0, 0, 334927838, -820054595, 29, 539, 20572320, 0, 12.88, 222.78, 221.04, 0.01, 15.32, -35.98
3/29/2025 22:58:47, 3, 1, 0, 0, 334927795, -820054625, 29, 556, 21351210, 0, 12.34, 223.33, 221.92, 0.01, 8.41, -35.98
3/29/2025 22:58:48, 3, 1, 0, 0, 334927753, -820054659, 29, 568, 21431196, 0, 11.78, 223.78, 221.98, 0.01, 7.67, -35.98
3/29/2025 22:58:49, 3, 1, 0, 0, 334927710, -820054695, 29, 580, 21604236, 0, 11.21, 224.24, 211.62, 0.07, -4.42, -25.62
3/29/2025 22:58:50, 3, 1, 0, 0, 334927668, -820054731, 29, 582, 21645640, 0, 10.64, 224.70, 220.87, 0.02, 4.42, -25.62
3/29/2025 22:58:51, 3, 1, 0, 0, 334927636, -820054760, 29, 366, 21915752, 0, 10.20, 225.04, 226.56, -0.01, 7.40, -25.62
3/29/2025 22:58:52, 3, 1, 0, 0, 334927609, -820054799, 29, 518, 23442800, 0, 9.73, 224.78, 227.00, -0.01, -7.43, -25.62
3/29/2025 22:58:53, 3, 1, 0, 0, 334927579, -820054847, 29, 575, 23465492, 0, 9.18, 224.28, 227.00, -0.02, -7.66, -25.62
3/29/2025 22:58:54, 3, 1, 0, 0, 334927549, -820054900, 29, 595, 23669354, 0, 8.60, 223.48, 227.00, -0.02, -9.69, -25.62
3/29/2025 22:58:55, 3, 1, 0, 0, 334927518, -820054954, 29, 600, 23706260, 0, 8.01, 222.58, 227.00, -0.02, -10.06, -25.62
3/29/2025 22:58:56, 3, 1, 0, 0, 334927489, -820055008, 29, 604, 23818064, 0, 7.43, 221.42, 223.75, -0.01, -14.43, -25.62
3/29/2025 22:58:57, 3, 1, 0, 0, 334927460, -820055061, 29, 586, 23632490, 0, 6.87, 220.12, 223.31, -0.02, -13.01, -25.62
3/29/2025 22:58:58, 3, 1, 0, 0, 334927430, -820055115, 29, 606, 23611312, 0, 6.29, 218.59, 223.31, -0.03, -12.80, -25.62
3/29/2025 22:58:59, 3, 1, 0, 0, 334927400, -820055170, 29, 615, 23757934, 0, 5.71, 216.68, 226.35, -0.05, -11.23, -32.41
3/29/2025 22:59:0, 3, 1, 0, 0, 334927370, -820055222, 29, 573, 23524540, 0, 5.16, 214.60, 218.35, -0.02, -16.90, -32.41
3/29/2025 22:59:1, 3, 1, 0, 0, 334927342, -820055265, 29, 475, 23212124, 0, 4.68, 212.75, 215.10, -0.01, -17.02, -32.41
3/29/2025 22:59:2, 3, 1, 0, 0, 334927309, -820055307, 29, 564, 22531880, 0, 4.16, 210.97, 214.53, -0.02, -10.78, -32.41
3/29/2025 22:59:3, 3, 1, 0, 0, 334927272, -820055353, 29, 596, 22588982, 0, 3.59, 208.51, 214.53, -0.03, -11.36, -32.41
3/29/2025 22:59:4, 3, 1, 0, 0, 334927234, -820055399, 29, 600, 22660402, 0, 3.02, 205.23, 209.28, -0.02, -17.32, -32.41
3/29/2025 22:59:5, 3, 1, 0, 0, 334927198, -820055441, 29, 539, 22388964, 0, 2.50, 201.07, 206.41, -0.03, -17.48, -32.41
3/29/2025 22:59:6, 3, 1, 0, 0, 334927160, -820055481, 29, 572, 21970052, 0, 1.98, 195.45, 201.91, -0.04, -17.79, -32.41
3/29/2025 22:59:7, 3, 1, 0, 0, 334927119, -820055517, 29, 557, 21599032, 0, 15.15, 205.18, 210.71, -0.03, -5.28, -47.40
3/29/2025 22:59:8, 3, 1, 0, 0, 334927083, -820055546, 29, 441, 21432652, 0, 14.68, 204.89, 206.58, -0.01, -7.74, -47.40
3/29/2025 22:59:9, 3, 1, 0, 0, 334927049, -820055569, 29, 445, 20798396, 0, 14.24, 204.75, 205.77, -0.01, -2.21, -47.40
3/29/2025 22:59:10, 3, 1, 0, 0, 334927007, -820055596, 29, 543, 20840930, 0, 13.72, 204.62, 205.65, -0.01, -2.76, -47.40
3/29/2025 22:59:12, 3, 1, 0, 0, 334926916, -820055656, 29, 598, 21001020, 0, 12.56, 204.24, 205.65, -0.01, -4.36, -47.40
3/29/2025 22:59:13, 3, 1, 0, 0, 334926869, -820055689, 29, 599, 21113080, 0, 11.96, 203.93, 205.65, -0.01, -5.48, -47.40
3/29/2025 22:59:14, 3, 1, 0, 0, 334926823, -820055724, 29, 604, 21326376, 0, 11.36, 203.48, 205.65, -0.01, -7.62, -47.40
3/29/2025 22:59:15, 3, 1, 0, 0, 334926777, -820055760, 29, 607, 21387862, 0, 10.76, 202.93, 205.65, -0.02, -8.23, -47.40
3/29/2025 22:59:16, 3, 1, 0, 0, 334926732, -820055798, 29, 611, 21504188, 0, 10.16, 202.20, 205.65, -0.02, -9.40, -47.40
3/29/2025 22:59:17, 3, 1, 0, 0, 334926687, -820055837, 29, 615, 21680390, 0, 9.56, 201.33, 205.65, -0.02, -11.16, -47.40
3/29/2025 22:59:18, 3, 1, 0, 0, 334926643, -820055874, 29, 579, 21558586, 0, 8.98, 200.42, 202.71, -0.01, -12.88, -47.40
3/29/2025 22:59:19, 3, 1, 0, 0, 334926599, -820055912, 29, 607, 21626042, 0, 8.40, 199.34, 209.53, -0.06, -6.73, -54.41
3/29/2025 22:59:20, 3, 1, 0, 0, 334926561, -820055946, 29, 495, 21706108, 0, 7.90, 198.19, 201.41, -0.02, -15.65, -54.41
3/29/2025 22:59:21, 3, 1, 0, 0, 334926519, -820055975, 29, 557, 20736114, 0, 7.38, 197.34, 197.35, -0.00, -10.02, -54.41
3/29/2025 22:59:22, 3, 1, 0, 0, 334926471, -820056004, 29, 597, 20739132, 0, 6.79, 196.52, 196.10, 0.00, -11.30, -54.41
3/29/2025 22:59:23, 3, 1, 0, 0, 334926423, -820056035, 29, 606, 20853944, 0, 6.19, 195.37, 195.72, -0.00, -12.82, -54.41
3/29/2025 22:59:24, 3, 1, 0, 0, 334926375, -820056067, 29, 609, 20955442, 0, 5.60, 193.89, 195.72, -0.01, -13.83, -54.41
3/29/2025 22:59:25, 3, 1, 0, 0, 334926327, -820056100, 29, 614, 21048428, 0, 5.01, 191.96, 195.72, -0.02, -14.76, -54.41
3/29/2025 22:59:26, 3, 1, 0, 0, 334926280, -820056132, 29, 581, 21000720, 0, 4.44, 189.61, 193.66, -0.02, -16.35, -54.41
3/29/2025 22:59:27, 3, 1, 0, 0, 334926235, -820056163, 29, 566, 20850266, 0, 3.91, 186.68, 190.60, -0.02, -17.91, -54.41
3/29/2025 22:59:28, 3, 1, 0, 0, 334926189, -820056191, 29, 562, 20706334, 0, 3.38, 183.31, 187.66, -0.02, -19.41, -54.41
3/29/2025 22:59:29, 3, 1, 0, 0, 334926144, -820056217, 29, 557, 20469116, 0, 2.87, 179.07, 198.16, -0.11, -6.53, -68.29
3/29/2025 22:59:30, 3, 1, 0, 0, 334926102, -820056240, 29, 483, 20554402, 0, 2.42, 173.83, 182.47, -0.05, -23.07, -68.29
3/29/2025 22:59:31, 3, 1, 0, 0, 334926063, -820056255, 29, 445, 19431224, 0, 2.01, 168.55, 172.66, -0.02, -21.65, -68.29
3/29/2025 22:59:32, 3, 1, 0, 0, 334926019, -820056262, 29, 512, 18458570, 0, 1.55, 162.59, 168.60, -0.03, -15.99, -68.29
3/29/2025 22:59:33, 3, 1, 0, 0, 334925972, -820056263, 29, 538, 17992330, 0, 15.91, 210.47, 179.17, 0.17, -0.76, -85.11
3/29/2025 22:59:34, 3, 1, 0, 0, 334925932, -820056263, 29, 393, 17907386, 0, 15.53, 211.31, 207.17, 0.02, 28.09, -85.11
3/29/2025 22:59:37, 3, 1, 0, 0, 334925860, -820056278, 29, 356, 21192816, 0, 14.78, 212.46, 215.79, -0.02, 3.86, -85.11
3/29/2025 22:59:38, 3, 1, 0, 0, 334925827, -820056305, 29, 489, 21526686, 0, 14.33, 212.40, 217.98, -0.03, 2.71, -85.11
3/29/2025 22:59:39, 3, 1, 0, 0, 334925794, -820056335, 29, 452, 21730828, 0, 13.87, 212.24, 212.92, -0.00, -4.39, -85.11
3/29/2025 22:59:40, 3, 1, 0, 0, 334925755, -820056368, 29, 555, 21567930, 0, 13.34, 212.13, 211.17, 0.01, -4.51, -85.11
3/29/2025 22:59:41, 3, 1, 0, 0, 334925713, -820056403, 29, 577, 21542460, 0, 12.78, 212.01, 210.36, 0.01, -5.07, -85.11
3/29/2025 22:59:42, 3, 1, 0, 0, 334925671, -820056440, 29, 586, 21605870, 0, 12.20, 211.80, 210.36, 0.01, -5.70, -85.11
3/29/2025 22:59:43, 3, 1, 0, 0, 334925627, -820056478, 29, 592, 21658972, 0, 11.60, 211.60, 210.36, 0.01, -6.23, -85.11
3/29/2025 22:59:44, 3, 1, 0, 0, 334925585, -820056517, 29, 598, 21810140, 0, 11.01, 211.27, 209.57, 0.01, -8.53, -84.32
3/29/2025 22:59:45, 3, 1, 0, 0, 334925542, -820056557, 29, 601, 21891218, 0, 10.41, 210.89, 209.57, 0.01, -9.34, -84.32
3/29/2025 22:59:46, 3, 1, 0, 0, 334925499, -820056598, 29, 603, 21975258, 0, 9.80, 210.42, 209.57, 0.00, -10.18, -84.32
3/29/2025 22:59:47, 3, 1, 0, 0, 334925458, -820056640, 29, 607, 22042922, 0, 9.21, 209.76, 209.57, 0.00, -10.86, -84.32
3/29/2025 22:59:48, 3, 1, 0, 0, 334925416, -820056683, 29, 611, 22117434, 0, 8.61, 209.00, 209.57, -0.00, -11.60, -84.32
3/29/2025 22:59:49, 3, 1, 0, 0, 334925374, -820056728, 29, 614, 22240408, 0, 8.00, 208.01, 209.57, -0.01, -12.83, -84.32
3/29/2025 22:59:50, 3, 1, 0, 0, 334925333, -820056774, 29, 619, 22355240, 0, 7.40, 206.75, 209.57, -0.02, -13.98, -84.32
3/29/2025 22:59:51, 3, 1, 0, 0, 334925294, -820056820, 29, 614, 22467300, 0, 6.82, 205.19, 209.57, -0.02, -15.10, -84.32
3/29/2025 22:59:52, 3, 1, 0, 0, 334925256, -820056864, 29, 559, 22535314, 0, 6.27, 203.46, 206.51, -0.02, -18.84, -84.32
3/29/2025 22:59:53, 3, 1, 0, 0, 334925218, -820056908, 29, 597, 22338124, 0, 5.72, 201.39, 206.32, -0.03, -17.06, -84.32
3/29/2025 22:59:54, 3, 1, 0, 0, 334925183, -820056950, 29, 529, 22558452, 0, 5.22, 198.97, 214.72, -0.09, -10.87, -97.15
3/29/2025 22:59:55, 3, 1, 0, 0, 334925149, -820056987, 29, 499, 22201606, 0, 4.76, 196.54, 202.34, -0.03, -19.67, -97.15
3/29/2025 22:59:56, 3, 1, 0, 0, 334925114, -820057017, 29, 464, 21221836, 0, 4.31, 194.47, 195.22, -0.00, -17.00, -97.15
3/29/2025 22:59:57, 3, 1, 0, 0, 334925072, -820057042, 29, 547, 20423982, 0, 3.80, 192.84, 193.78, -0.01, -10.46, -97.15
3/29/2025 22:59:58, 3, 1, 0, 0, 334925025, -820057067, 31, 565, 20499386, 0, 3.24, 190.89, 193.59, -0.01, -11.40, -97.15
3/29/2025 22:59:59, 3, 1, 0, 0, 334924977, -820057094, 31, 592, 20512042, 0, 2.67, 187.78, 193.59, -0.03, -11.53, -97.15
3/29/2025 23:0:0, 3, 1, 0, 0, 334924929, -820057122, 31, 583, 20730596, 0, 2.12, 182.76, 188.34, -0.03, -18.96, -97.15
3/29/2025 23:0:1, 3, 1, 0, 0, 334924883, -820057145, 31, 537, 20181754, 0, 1.61, 176.02, 183.40, -0.04, -18.41, -97.15
3/29/2025 23:0:2, 3, 1, 0, 0, 334924837, -820057163, 31, 543, 19670910, 0, 24.48, 75.99, 191.38, -0.64, -5.33, -111.94
3/29/2025 23:0:2, 3, 1, 0, 0, 334924837, -820057163, 31, 543, 19670910, 0, 24.48, 75.99, 79.57, -0.02, -117.14, -111.94
3/29/2025 23:0:11, 3, 1, 0, 0, 334924626, -820057069, 31, 357, 8596474, 0, 24.33, 70.12, 70.82, -0.00, -15.15, -111.94
3/29/2025 23:0:12, 3, 1, 0, 0, 334924634, -820057024, 31, 462, 7622242, 0, 23.91, 69.98, 69.13, 0.00, -7.09, -111.94
3/29/2025 23:0:13, 3, 1, 0, 0, 334924644, -820056973, 31, 510, 7651686, 0, 23.43, 69.84, 97.77, -0.16, 21.26, -140.65
3/29/2025 23:0:13, 3, 1, 0, 0, 334924644, -820056973, 31, 510, 7651686, 0, 23.43, 69.84, 73.40, -0.02, -3.12, -140.65
3/29/2025 23:0:16, 3, 1, 0, 0, 334924678, -820056854, 31, 347, 5430173, 0, 22.26, 69.77, 67.34, 0.01, 13.04, -140.65
3/29/2025 23:0:17, 3, 1, 0, 0, 334924704, -820056820, 31, 463, 4569649, 0, 21.87, 70.20, 66.90, 0.02, 21.20, -140.65
3/29/2025 23:0:18, 3, 1, 0, 0, 334924736, -820056782, 31, 501, 4508604, 0, 21.42, 70.77, 66.90, 0.02, 21.81, -140.65
3/29/2025 23:0:19, 3, 1, 0, 0, 334924768, -820056746, 31, 500, 4297969, 0, 20.98, 71.39, 69.27, 0.01, 26.30, -140.65
3/29/2025 23:0:20, 3, 1, 0, 0, 334924799, -820056705, 31, 505, 5021666, 0, 20.51, 71.97, 69.46, 0.01, 19.25, -140.65
3/29/2025 23:0:21, 3, 1, 0, 0, 334924829, -820056663, 31, 512, 5131687, 0, 20.04, 72.53, 69.46, 0.02, 18.15, -140.65
3/29/2025 23:0:22, 3, 1, 0, 0, 334924858, -820056620, 31, 517, 5149469, 0, 19.57, 73.08, 69.46, 0.02, 17.97, -140.65
3/29/2025 23:0:23, 3, 1, 0, 0, 334924888, -820056576, 31, 522, 5082145, 0, 19.08, 73.68, 53.85, 0.11, 3.03, -123.29
3/29/2025 23:0:24, 3, 1, 0, 0, 334924915, -820056533, 31, 503, 5415359, 0, 18.61, 74.22, 70.17, 0.02, 16.01, -123.29
3/29/2025 23:0:26, 3, 1, 0, 0, 334924941, -820056465, 31, 390, 7925134, 0, 17.93, 74.56, 76.92, -0.01, -2.34, -123.29
3/29/2025 23:0:27, 3, 1, 0, 0, 334924947, -820056417, 31, 488, 8215749, 0, 17.48, 74.39, 77.35, -0.02, -4.80, -123.29
3/29/2025 23:0:28, 3, 1, 0, 0, 334924953, -820056363, 31, 515, 8287897, 0, 16.98, 74.15, 77.35, -0.02, -5.53, -123.29
3/29/2025 23:0:29, 3, 1, 0, 0, 334924959, -820056307, 31, 526, 8401686, 0, 16.46, 73.88, 77.42, -0.02, -6.60, -123.29
3/29/2025 23:0:30, 3, 1, 0, 0, 334924964, -820056251, 31, 532, 8351333, 0, 15.95, 73.55, 77.42, -0.02, -6.10, -123.29
3/29/2025 23:0:31, 3, 1, 0, 0, 334924970, -820056196, 31, 505, 8266661, 0, 15.44, 73.25, 75.29, -0.01, -7.38, -123.29
3/29/2025 23:0:32, 3, 1, 0, 0, 334924976, -820056141, 31, 527, 8308426, 0, 14.93, 72.93, 74.73, -0.01, -8.36, -123.29
3/29/2025 23:0:33, 3, 1, 0, 0, 334924983, -820056085, 31, 530, 8246146, 0, 14.41, 72.62, 74.60, -0.01, -7.86, -123.29
3/29/2025 23:0:34, 3, 1, 0, 0, 334924989, -820056029, 31, 531, 8292198, 0, 13.90, 72.25, 77.63, -0.03, -5.29, -126.32
3/29/2025 23:0:35, 3, 1, 0, 0, 334924993, -820055979, 31, 440, 8477976, 0, 13.44, 71.83, 72.82, -0.01, -11.96, -126.32
3/29/2025 23:0:36, 3, 1, 0, 0, 334925002, -820055928, 31, 504, 7750631, 0, 12.96, 71.59, 71.82, -0.00, -5.69, -126.32
3/29/2025 23:0:37, 3, 1, 0, 0, 334925012, -820055874, 31, 516, 7798395, 0, 12.45, 71.35, 71.57, -0.00, -6.42, -126.32
3/29/2025 23:0:38, 3, 1, 0, 0, 334925021, -820055819, 31, 526, 7890766, 0, 11.94, 71.02, 71.57, -0.00, -7.34, -126.32
3/29/2025 23:0:39, 3, 1, 0, 0, 334925031, -820055763, 31, 531, 7904602, 0, 11.41, 70.70, 71.57, -0.00, -7.48, -126.32
3/29/2025 23:0:40, 3, 1, 0, 0, 334925040, -820055707, 31, 536, 7877522, 0, 10.89, 70.30, 71.57, -0.01, -7.21, -126.32
3/29/2025 23:0:41, 3, 1, 0, 0, 334925023, -820055706, 31, 545, 8052166, 0, 10.94, 69.35, 71.57, -0.01, -8.96, -126.32
3/29/2025 23:0:42, 3, 1, 0, 0, 334925024, -820055679, 31, 534, 8132499, 0, 10.71, 68.93, 71.57, -0.01, -9.76, -126.32
3/29/2025 23:0:43, 3, 1, 0, 0, 334925033, -820055639, 31, 534, 8172526, 0, 10.32, 68.71, 71.57, -0.02, -10.16, -126.32
3/29/2025 23:0:44, 3, 1, 0, 0, 334925039, -820055587, 31, 527, 8222689, 0, 9.85, 68.05, 79.59, -0.06, -2.63, -134.34
3/29/2025 23:0:45, 3, 1, 0, 0, 334925042, -820055536, 31, 448, 8483284, 0, 9.40, 67.16, 71.41, -0.02, -13.43, -134.34
3/29/2025 23:0:46, 3, 1, 0, 0, 334925055, -820055472, 31, 445, 7068769, 0, 8.80, 66.53, 66.47, 0.00, -4.22, -134.34
3/29/2025 23:0:47, 3, 1, 0, 0, 334925072, -820055408, 31, 493, 6811495, 0, 8.18, 66.09, 65.84, 0.00, -2.27, -134.34
3/29/2025 23:0:48, 3, 1, 0, 0, 334925090, -820055350, 31, 513, 6829883, 0, 7.61, 65.83, 65.84, -0.00, -2.46, -134.34
3/29/2025 23:0:49, 3, 1, 0, 0, 334925109, -820055291, 31, 534, 6798346, 0, 7.02, 65.57, 65.84, -0.00, -2.14, -134.34
3/29/2025 23:0:50, 3, 1, 0, 0, 334925129, -820055234, 31, 538, 6920719, 0, 6.45, 65.43, 65.84, -0.00, -3.36, -134.34
3/29/2025 23:0:51, 3, 1, 0, 0, 334925149, -820055178, 31, 534, 6953310, 0, 5.88, 65.29, 65.84, -0.00, -3.69, -134.34
3/29/2025 23:0:52, 3, 1, 0, 0, 334925167, -820055124, 31, 535, 7041404, 0, 5.34, 65.00, 65.84, -0.00, -4.57, -134.34
3/29/2025 23:0:53, 3, 1, 0, 0, 334925185, -820055068, 31, 536, 7044191, 0, 4.79, 64.54, 65.84, -0.01, -4.60, -134.34
3/29/2025 23:0:54, 3, 1, 0, 0, 334925203, -820055013, 31, 530, 7202463, 0, 4.24, 64.02, 70.18, -0.03, -1.85, -138.68
3/29/2025 23:0:55, 3, 1, 0, 0, 334925218, -820054962, 31, 474, 7489379, 0, 3.74, 63.15, 64.61, -0.01, -10.28, -138.68
3/29/2025 23:0:56, 3, 1, 0, 0, 334925237, -820054914, 31, 489, 6369609, 0, 3.25, 62.93, 63.43, -0.00, -0.27, -138.68
3/29/2025 23:0:57, 3, 1, 0, 0, 334925258, -820054865, 31, 510, 6449235, 0, 2.74, 62.95, 63.11, -0.00, -1.38, -138.68
3/29/2025 23:0:58, 3, 1, 0, 0, 334925279, -820054815, 31, 515, 6551231, 0, 2.22, 62.87, 63.11, -0.00, -2.40, -138.68
3/29/2025 23:0:59, 3, 1, 0, 0, 334925300, -820054764, 31, 512, 6488522, 0, 1.69, 62.61, 63.11, -0.00, -1.77, -138.68
3/29/2025 23:1:0, 3, 1, 0, 0, 334925319, -820054717, 31, 473, 6452792, 0, 13.72, 105.95, 66.16, 0.22, 1.64, -141.66
3/29/2025 23:1:0, 3, 1, 0, 0, 334925319, -820054717, 31, 473, 6452792, 0, 13.72, 105.95, 102.73, 0.02, 38.20, -141.66
3/29/2025 23:1:4, 3, 1, 0, 0, 334925339, -820054618, 31, 294, 11279222, 0, 12.91, 108.02, 112.73, -0.03, -0.07, -141.66
3/29/2025 23:1:5, 3, 1, 0, 0, 334925327, -820054587, 31, 330, 11658826, 0, 12.59, 107.85, 109.91, -0.01, -6.67, -141.66
3/29/2025 23:1:6, 3, 1, 0, 0, 334925314, -820054543, 31, 471, 10866526, 0, 12.16, 107.79, 109.85, -0.01, 1.19, -141.66
3/29/2025 23:1:7, 3, 1, 0, 0, 334925294, -820054504, 31, 512, 11352982, 0, 11.75, 107.30, 109.73, -0.01, -3.80, -141.66
3/29/2025 23:1:8, 3, 1, 0, 0, 334925274, -820054453, 30, 520, 11247406, 0, 11.23, 106.93, 109.73, -0.02, -2.75, -141.66
3/29/2025 23:1:9, 3, 1, 0, 0, 334925253, -820054399, 31, 538, 11202260, 0, 10.68, 106.52, 109.73, -0.02, -2.30, -141.66
3/29/2025 23:1:10, 3, 1, 0, 0, 334925233, -820054346, 31, 535, 11252330, 0, 10.15, 106.10, 109.73, -0.02, -2.80, -141.66
3/29/2025 23:1:11, 3, 1, 0, 0, 334925224, -820054293, 30, 498, 11101152, 0, 9.65, 106.34, 105.71, 0.00, -5.30, -139.40
3/29/2025 23:1:12, 3, 1, 0, 0, 334925210, -820054239, 31, 527, 11074854, 0, 9.12, 106.29, 105.71, 0.00, -5.04, -139.40
3/29/2025 23:1:13, 3, 1, 0, 0, 334925195, -820054185, 31, 536, 11028466, 0, 8.59, 106.15, 105.71, 0.00, -4.57, -139.40
3/29/2025 23:1:14, 3, 1, 0, 0, 334925156, -820054135, 31, 555, 11232816, 0, 8.03, 104.10, 105.71, -0.01, -6.62, -139.40
3/29/2025 23:1:15, 3, 1, 0, 0, 334925124, -820054084, 31, 562, 11208176, 0, 7.49, 102.34, 105.71, -0.02, -6.37, -139.40
3/29/2025 23:1:16, 3, 1, 0, 0, 334925093, -820054032, 31, 556, 11241384, 0, 6.95, 100.42, 105.71, -0.03, -6.70, -139.40
3/29/2025 23:1:17, 3, 1, 0, 0, 334925061, -820053989, 31, 475, 11539648, 0, 6.50, 97.97, 101.21, -0.02, -14.19, -139.40
3/29/2025 23:1:18, 3, 1, 0, 0, 334925037, -820053939, 31, 519, 10776874, 0, 6.01, 96.06, 100.21, -0.02, -7.56, -139.40
3/29/2025 23:1:19, 3, 1, 0, 0, 334925012, -820053890, 31, 500, 10920868, 0, 5.53, 93.69, 97.52, -0.02, -11.69, -139.40
3/29/2025 23:1:20, 3, 1, 0, 0, 334924990, -820053842, 31, 467, 10746590, 0, 5.08, 91.26, 94.77, -0.02, -12.69, -139.40
3/29/2025 23:1:21, 3, 1, 0, 0, 334924970, -820053790, 31, 517, 10442344, 0, 4.59, 88.61, 102.41, -0.08, -2.02, -147.47
3/29/2025 23:1:22, 3, 1, 0, 0, 334924950, -820053742, 31, 446, 10845250, 0, 4.16, 85.40, 91.91, -0.04, -16.55, -147.47
3/29/2025 23:1:23, 3, 1, 0, 0, 334924937, -820053699, 31, 398, 9569622, 0, 3.78, 82.73, 84.66, -0.01, -11.04, -147.47
3/29/2025 23:1:24, 3, 1, 0, 0, 334924935, -820053649, 31, 477, 8567098, 0, 3.32, 81.33, 83.59, -0.01, -2.08, -147.47
3/29/2025 23:1:25, 3, 1, 0, 0, 334924934, -820053595, 31, 518, 8478508, 0, 2.83, 79.58, 83.53, -0.02, -1.25, -147.47
3/29/2025 23:1:26, 3, 1, 0, 0, 334924934, -820053541, 31, 510, 8762298, 0, 2.34, 77.36, 81.41, -0.02, -6.22, -147.47
3/29/2025 23:1:27, 3, 1, 0, 0, 334924935, -820053487, 31, 497, 8474936, 0, 1.85, 74.30, 78.78, -0.02, -5.97, -147.47
3/29/2025 23:1:28, 3, 1, 0, 0, 334924939, -820053434, 31, 501, 8141910, 0, 13.68, 105.95, 81.28, 0.14, -0.14, -153.91
3/29/2025 23:1:29, 3, 1, 0, 0, 334924945, -820053394, 31, 341, 7698545, 0, 13.34, 106.66, 102.47, 0.02, 25.49, -153.91
3/29/2025 23:1:31, 3, 1, 0, 0, 334924946, -820053341, 31, 241, 10225116, 0, 12.88, 107.34, 111.16, -0.02, 8.91, -153.91
3/29/2025 23:1:32, 3, 1, 0, 0, 334924935, -820053305, 31, 392, 11037936, 0, 12.52, 107.26, 109.47, -0.01, -0.91, -153.91
3/29/2025 23:1:33, 3, 1, 0, 0, 334924924, -820053258, 31, 481, 10463234, 0, 12.07, 107.32, 109.41, -0.01, 4.78, -153.91
3/29/2025 23:1:34, 3, 1, 0, 0, 334924910, -820053205, 31, 523, 10656856, 0, 11.55, 107.31, 109.41, -0.01, 2.84, -153.91
3/29/2025 23:1:35, 3, 1, 0, 0, 334924897, -820053149, 31, 531, 10572654, 0, 11.01, 107.39, 109.91, -0.01, 4.18, -153.91
3/29/2025 23:1:36, 3, 1, 0, 0, 334924883, -820053092, 31, 538, 10583634, 0, 10.46, 107.45, 109.97, -0.01, 4.13, -153.91
3/29/2025 23:1:37, 3, 1, 0, 0, 334924869, -820053036, 31, 549, 10622504, 0, 9.92, 107.49, 109.97, -0.01, 3.75, -153.91
3/29/2025 23:1:38, 3, 1, 0, 0, 334924854, -820052978, 31, 551, 10716578, 0, 9.36, 107.50, 109.97, -0.01, 2.81, -153.91
3/29/2025 23:1:39, 3, 1, 0, 0, 334924839, -820052921, 31, 560, 10702598, 0, 8.80, 107.50, 104.43, 0.02, -2.60, -148.36
3/29/2025 23:1:40, 3, 1, 0, 0, 334924823, -820052864, 31, 552, 10813812, 0, 8.24, 107.43, 104.43, 0.02, -3.71, -148.36
3/29/2025 23:1:41, 3, 1, 0, 0, 334924807, -820052808, 31, 548, 10774378, 0, 7.70, 107.32, 104.43, 0.02, -3.32, -148.36
3/29/2025 23:1:42, 3, 1, 0, 0, 334924791, -820052752, 31, 549, 10781768, 0, 7.15, 107.20, 104.43, 0.02, -3.39, -148.36
3/29/2025 23:1:43, 3, 1, 0, 0, 334924774, -820052695, 31, 551, 10858212, 0, 6.59, 106.99, 104.43, 0.01, -4.16, -148.36
3/29/2025 23:1:44, 3, 1, 0, 0, 334924756, -820052638, 31, 558, 10888764, 0, 6.02, 106.64, 104.43, 0.01, -4.46, -148.36
3/29/2025 23:1:45, 3, 1, 0, 0, 334924738, -820052582, 31, 556, 11027610, 0, 5.47, 106.18, 104.43, 0.01, -5.85, -148.36
3/29/2025 23:1:46, 3, 1, 0, 0, 334924720, -820052526, 31, 552, 11048434, 0, 4.91, 105.63, 104.43, 0.01, -6.06, -148.36
3/29/2025 23:1:47, 3, 1, 0, 0, 334924702, -820052470, 31, 558, 11063990, 0, 4.36, 104.94, 104.43, 0.00, -6.21, -148.36
3/29/2025 23:1:48, 3, 1, 0, 0, 334924683, -820052413, 31, 551, 11255394, 0, 3.79, 103.91, 104.43, -0.00, -8.13, -148.36
3/29/2025 23:1:49, 3, 1, 0, 0, 334924663, -820052358, 31, 552, 11279144, 0, 3.25, 102.26, 109.21, -0.04, -3.58, -153.15
3/29/2025 23:1:50, 3, 1, 0, 0, 334924644, -820052303, 31, 549, 11438172, 0, 2.70, 100.18, 102.90, -0.02, -11.48, -153.15
3/29/2025 23:1:51, 3, 1, 0, 0, 334924628, -820052251, 31, 495, 10810034, 0, 2.20, 97.84, 101.59, -0.02, -6.51, -153.15
3/29/2025 23:1:52, 3, 1, 0, 0, 334924615, -820052198, 31, 523, 10710462, 0, 1.70, 95.27, 99.15, -0.02, -7.95, -153.15
3/29/2025 23:1:53, 3, 1, 0, 0, 334924602, -820052143, 31, 518, 10507598, 0, 1.31, 90.49, 303.56, 0.82, 198.49, 0.00
